[gd_scene load_steps=26 format=3 uid="uid://b87lre0mdex5b"]

[ext_resource type="PackedScene" uid="uid://byoolwbycr4tk" path="res://player/models/player_model.glb" id="1_qsg40"]
[ext_resource type="Script" uid="uid://btd5vhgg6r4l0" path="res://enemies/scripts/enemy_skeleton_controller.gd" id="2_qsg40"]
[ext_resource type="PackedScene" uid="uid://cj7p8kb5is0qr" path="res://weapons/models/longsword_model.tscn" id="3_27k8n"]
[ext_resource type="PackedScene" uid="uid://411nf870j1o3" path="res://player/animations/humanoid_animation_tree.tscn" id="3_m8ild"]
[ext_resource type="Material" uid="uid://qyrv64vmclq2" path="res://player/models/player_model_mat_m.tres" id="4_ptfj4"]

[sub_resource type="CylinderMesh" id="CylinderMesh_qsg40"]
top_radius = 0.0
bottom_radius = 0.02
height = 0.1

[sub_resource type="StandardMaterial3D" id="StandardMaterial3D_qsg40"]
albedo_color = Color(0.903072, 0, 0.111692, 1)

[sub_resource type="CapsuleShape3D" id="CapsuleShape3D_27k8n"]
radius = 0.100079
height = 0.351076

[sub_resource type="BoxShape3D" id="BoxShape3D_m8ild"]
size = Vector3(0.02, 0.075, 0.964687)

[sub_resource type="CapsuleShape3D" id="CapsuleShape3D_ptfj4"]
radius = 0.078774
height = 0.486213

[sub_resource type="CapsuleShape3D" id="CapsuleShape3D_dgahw"]
radius = 0.0514638
height = 0.325685

[sub_resource type="CapsuleShape3D" id="CapsuleShape3D_wltam"]
radius = 0.0877419
height = 0.361851

[sub_resource type="CapsuleShape3D" id="CapsuleShape3D_8orkt"]
radius = 0.0738186
height = 0.486213

[sub_resource type="CapsuleShape3D" id="CapsuleShape3D_qrx1d"]
radius = 0.045178
height = 0.238938

[sub_resource type="CapsuleShape3D" id="CapsuleShape3D_lhxf1"]
radius = 0.184918
height = 0.381273

[sub_resource type="CapsuleShape3D" id="CapsuleShape3D_nyuax"]
radius = 0.192025
height = 0.38405

[sub_resource type="CapsuleShape3D" id="CapsuleShape3D_brmrl"]
radius = 0.118434
height = 0.298137

[sub_resource type="CapsuleShape3D" id="CapsuleShape3D_rinsa"]
radius = 0.0658708
height = 0.202505

[sub_resource type="CapsuleShape3D" id="CapsuleShape3D_g61hy"]
radius = 0.0683381
height = 0.31845

[sub_resource type="CapsuleShape3D" id="CapsuleShape3D_u4082"]
radius = 0.0568693
height = 0.356379

[sub_resource type="CapsuleShape3D" id="CapsuleShape3D_vmfvt"]
radius = 0.0322203
height = 0.157885

[sub_resource type="CapsuleShape3D" id="CapsuleShape3D_20nmv"]
radius = 0.0625521
height = 0.202505

[sub_resource type="CapsuleShape3D" id="CapsuleShape3D_tthl5"]
radius = 0.0649227
height = 0.31845

[sub_resource type="CapsuleShape3D" id="CapsuleShape3D_metwr"]
radius = 0.0603488
height = 0.356379

[sub_resource type="CapsuleShape3D" id="CapsuleShape3D_8s1m1"]
radius = 0.0354016
height = 0.152102

[node name="enemy_humanoid_model" node_paths=PackedStringArray("skeleton", "weapon") instance=ExtResource("1_qsg40")]
script = ExtResource("2_qsg40")
skeleton = NodePath("Armature_001/Skeleton3D")
weapon = NodePath("Armature_001/Skeleton3D/WeaponAttach/WeaponRT/WeaponHolder/longsword")

[node name="AnimationTree" parent="." index="0" instance=ExtResource("3_m8ild")]
root_node = NodePath("..")
anim_player = NodePath("../AnimationPlayer")

[node name="player_model" parent="AnimationTree" index="0"]
visible = false

[node name="Longsword" parent="AnimationTree/player_model/Armature_001/Skeleton3D" index="0"]
transform = Transform3D(0.202063, 0.944023, 0.242874, -0.890392, 0.24271, -0.0612904, -0.402045, -0.0968534, 0.407853, -0.33649, 2.04485, 0.441016)

[node name="Cube" parent="AnimationTree/player_model/Armature_001/Skeleton3D" index="1"]
transform = Transform3D(0.202063, 0.944023, 0.242874, -0.890392, 0.24271, -0.0612904, -0.402045, -0.0968534, 0.407853, -0.704645, 1.9502, 0.478788)

[node name="Cube_001" parent="AnimationTree/player_model/Armature_001/Skeleton3D" index="2"]
transform = Transform3D(0.202063, 0.944023, 0.242874, -0.890392, 0.24271, -0.0612904, -0.402045, -0.0968534, 0.407853, -0.421246, 2.02306, 0.449712)

[node name="Cylinder_001" parent="AnimationTree/player_model/Armature_001/Skeleton3D" index="3"]
transform = Transform3D(0.202063, 0.944023, 0.242874, -0.890392, 0.24271, -0.0612904, -0.402045, -0.0968534, 0.407853, -0.222429, 2.07418, 0.429314)

[node name="Skeleton3D" parent="Armature_001" index="0"]
modifier_callback_mode_process = 0
bones/0/position = Vector3(2.64698e-22, 0.884602, -0.0355277)
bones/0/rotation = Quaternion(-2.98023e-08, 1.19209e-07, -2.52435e-29, 1)
bones/1/rotation = Quaternion(0.00255316, 0.025039, 0.999517, -0.0182175)
bones/2/rotation = Quaternion(-0.114061, 0.000514509, -0.0111285, 0.993411)
bones/3/rotation = Quaternion(0.764245, -0.0520815, 0.052855, 0.640643)
bones/4/rotation = Quaternion(-0.000562796, 0.00332753, 0.0180392, 0.999832)
bones/5/position = Vector3(-0.134036, -0.00773418, -6.68618e-08)
bones/5/rotation = Quaternion(-0.00257312, 0.0249567, 0.999505, 0.018984)
bones/6/rotation = Quaternion(-0.113989, 0.00497039, 0.011826, 0.993399)
bones/7/rotation = Quaternion(0.76499, 0.0626625, -0.0406744, 0.639695)
bones/8/rotation = Quaternion(-4.24416e-05, -0.00694902, -0.018048, 0.999813)
bones/9/rotation = Quaternion(0.707107, -3.09086e-08, 1.37679e-07, 0.707107)
bones/11/rotation = Quaternion(0.00288137, 3.59366e-15, 6.86971e-10, 0.999996)
bones/12/rotation = Quaternion(-0.00288137, -1.77226e-14, -6.86971e-10, 0.999996)
bones/13/rotation = Quaternion(0.0066188, -1.19207e-07, 7.89012e-10, 0.999978)
bones/14/rotation = Quaternion(-0.00310769, -0.000596304, -0.831314, 0.555794)
bones/15/rotation = Quaternion(-0.00747203, 0.0517314, -0.44723, 0.89289)
bones/16/rotation = Quaternion(0.127498, -0.00477604, -0.0973352, 0.98704)
bones/17/rotation = Quaternion(0.0108857, -0.00764785, 0.00995328, 0.999862)
bones/18/rotation = Quaternion(0.274689, -0.0582695, -0.0446485, 0.958727)
bones/19/rotation = Quaternion(0.150751, -0.0154209, -0.0206551, 0.988236)
bones/20/position = Vector3(-0.00887664, 0.0918684, 0.0339777)
bones/20/rotation = Quaternion(0.113348, -0.00559918, -0.0332006, 0.992985)
bones/21/rotation = Quaternion(-0.0207487, -0.000104923, -0.00488569, 0.999773)
bones/22/rotation = Quaternion(0.0281996, 0.00103071, -0.0263201, 0.999255)
bones/23/position = Vector3(-0.00219305, 0.105307, 0.00673665)
bones/23/rotation = Quaternion(0.0620364, -0.00319114, -0.0495921, 0.996836)
bones/24/rotation = Quaternion(-0.0218102, -7.20513e-05, 0.0168426, 0.99962)
bones/25/rotation = Quaternion(-0.00175645, -6.8168e-10, 1.60144e-05, 0.999998)
bones/26/position = Vector3(-0.00252011, 0.10214, -0.0159719)
bones/26/rotation = Quaternion(-0.0405691, -0.00250089, -0.100844, 0.994072)
bones/27/rotation = Quaternion(0.00906773, 0.000367857, 0.00395707, 0.999951)
bones/28/rotation = Quaternion(0.0490286, 0.00313955, 0.0641567, 0.99673)
bones/29/position = Vector3(0.00777637, 0.0870187, -0.0417322)
bones/29/rotation = Quaternion(-0.115329, -0.0117, -0.148594, 0.982081)
bones/30/rotation = Quaternion(-0.00432747, -0.00109909, -0.0238907, 0.999705)
bones/31/rotation = Quaternion(0.0112048, 0.00249416, 0.0493994, 0.998713)
bones/32/rotation = Quaternion(0.00669007, -0.00595437, 0.831293, 0.555762)
bones/33/rotation = Quaternion(-0.00390795, -0.0422126, 0.449529, 0.892259)
bones/34/rotation = Quaternion(0.128302, 0.0338169, 0.0962711, 0.986472)
bones/35/rotation = Quaternion(0.0109109, -0.0109312, -0.00992566, 0.999832)
bones/36/rotation = Quaternion(0.278198, -0.106012, -0.00729456, 0.954628)
bones/37/rotation = Quaternion(0.148409, 0.015421, -0.0335742, 0.988236)
bones/38/rotation = Quaternion(0.1139, 0.00451414, 0.0312531, 0.99299)
bones/39/rotation = Quaternion(-0.0206562, 0.000105159, 0.00526314, 0.999773)
bones/40/rotation = Quaternion(0.0286748, -0.00103071, 0.0258016, 0.999255)
bones/41/rotation = Quaternion(0.0629057, 0.00151652, 0.0484846, 0.99684)
bones/42/rotation = Quaternion(-0.0221233, 0.000659054, -0.0164292, 0.99962)
bones/43/rotation = Quaternion(-0.00175641, -5.0972e-10, 1.60108e-05, 0.999998)
bones/44/rotation = Quaternion(-0.0390064, 0.0030955, 0.101459, 0.99407)
bones/45/rotation = Quaternion(0.00900102, -0.0020584, -0.00410651, 0.999949)
bones/46/rotation = Quaternion(0.0478508, -0.00313978, -0.0650398, 0.99673)
bones/47/rotation = Quaternion(-0.112765, 0.0106269, 0.150549, 0.982093)
bones/48/rotation = Quaternion(-0.00389108, 0.0010936, 0.0239656, 0.999705)
bones/49/rotation = Quaternion(0.0102937, -0.00265605, -0.0495972, 0.998713)
bones/51/position = Vector3(-0.337047, 0.0423437, 0.7505)
bones/51/rotation = Quaternion(1.65819e-17, 0.999908, 2.44004e-16, 0.0135807)
bones/51/scale = Vector3(0.429708, 1, 0.999587)
bones/58/position = Vector3(0.153415, 0.0372633, -0.103784)
bones/58/rotation = Quaternion(0.00479742, -0.707091, 0.707091, -0.00479742)
bones/59/position = Vector3(-0.153415, 0.0372633, -0.103784)
bones/59/rotation = Quaternion(0.00458585, 0.707092, -0.707092, -0.00458585)
bones/60/rotation = Quaternion(-0.0126777, 0.706993, 0.706993, -0.0126777)
bones/61/position = Vector3(-0.146956, 0.512624, 0.774651)
bones/62/position = Vector3(0.337047, 0.934358, 0.00843076)
bones/62/scale = Vector3(0.430657, 1, 0.998697)
bones/64/position = Vector3(-0.320898, 1.28422, -0.446731)

[node name="Longsword" parent="Armature_001/Skeleton3D" index="0"]
transform = Transform3D(-0.0371446, 0.0633349, -0.424407, -0.144273, -0.969369, -0.194475, -0.986444, 0.125619, 0.10558, -0.223202, 1.4601, 0.452025)
visible = false

[node name="TorsoIK" type="LookAtModifier3D" parent="Armature_001/Skeleton3D" index="1"]
transform = Transform3D(1, -7.62281e-10, 2.38418e-07, 3.81134e-10, 0.999999, 0.00159865, -2.38419e-07, -0.00159865, 0.999999, -1.49411e-15, 1.09488, -0.0355278)
target_node = NodePath("TorsoTarget")
bone_name = "TorsoRotator"
bone = 9
forward_axis = 2
primary_rotation_axis = 0

[node name="TorsoTarget" type="Marker3D" parent="Armature_001/Skeleton3D/TorsoIK" index="0"]
transform = Transform3D(1, 2.77556e-17, 0, 2.77556e-17, 1, 1.16415e-10, 0, -1.16415e-10, 1, -3.61351e-07, -0.00242293, 1.51561)

[node name="FPHeadStretch_RT" type="RemoteTransform3D" parent="Armature_001/Skeleton3D/TorsoIK" index="1"]
transform = Transform3D(1, 1.37392e-09, 8.28493e-12, -1.37395e-09, 0.999983, 0.00576271, -4.68958e-13, -0.00576271, 0.999983, 3.53318e-08, 0.62505, -0.146194)
remote_path = NodePath("../../FPHeadOverride")

[node name="WeaponRotator" type="Node3D" parent="Armature_001/Skeleton3D/TorsoIK" index="2"]
transform = Transform3D(0.999985, 0.0053968, 0.000748251, -0.00540192, 0.99996, 0.00701469, -0.000710366, -0.00701863, 0.999975, -1.60167e-10, 0.589979, 0.00161442)

[node name="WeaponRotatorTarget" type="Marker3D" parent="Armature_001/Skeleton3D/TorsoIK/WeaponRotator" index="0"]
transform = Transform3D(1, 0, 0, 0, 1, 0, 0, 0, 1, 0, -1.5, 0)

[node name="NeckRotator" type="Node3D" parent="Armature_001/Skeleton3D/TorsoIK" index="3"]
transform = Transform3D(1, 1.25116e-17, 4.74338e-20, -8.01214e-18, 1, 1.16415e-10, -3.81165e-20, 0, 1, -1.60159e-10, 0.592355, -0.0329697)

[node name="NeckTarget" type="Marker3D" parent="Armature_001/Skeleton3D/TorsoIK/NeckRotator" index="0"]
transform = Transform3D(1, 0, 0, 4.43734e-30, 1, 0, 0, 0, 1, 0, 0, 1.45247)

[node name="HeadRotator" type="Node3D" parent="Armature_001/Skeleton3D/TorsoIK/NeckRotator" index="1"]
transform = Transform3D(1, 3.8114e-10, -7.10543e-14, -3.81139e-10, 0.999998, 0.00167525, 6.11067e-13, -0.00167524, 0.999999, 4.12586e-11, 0.105876, 0.0344033)

[node name="CameraRT" type="RemoteTransform3D" parent="Armature_001/Skeleton3D/TorsoIK/NeckRotator/HeadRotator" index="0"]
transform = Transform3D(-0.98607, -0.165536, -0.0162441, -0.163655, 0.983014, -0.083052, 0.0297163, -0.0792362, -0.996412, -0.0297484, 0.071686, 0.187486)
update_rotation = false
update_scale = false

[node name="HeadTarget" type="Marker3D" parent="Armature_001/Skeleton3D/TorsoIK/NeckRotator/HeadRotator" index="1"]
transform = Transform3D(1, 0, 0, 0, 1, 0, -6.93889e-18, 0, 1, 5.55112e-17, 0.0274643, 1.45247)

[node name="TorsoCollisionRT" type="RemoteTransform3D" parent="Armature_001/Skeleton3D/TorsoIK" index="4"]
transform = Transform3D(1, 3.81133e-10, -2.38419e-07, -7.62282e-10, 0.999999, -0.00159865, 2.38418e-07, 0.00159865, 0.999999, -8.32571e-09, 0.379813, 0.036135)

[node name="WeaponRotatorIK" type="LookAtModifier3D" parent="Armature_001/Skeleton3D" index="2"]
transform = Transform3D(1, 1.38053e-18, 3.43545e-20, 0, 0.998762, 0.0497388, 2.77556e-17, -0.0497388, 0.998762, -2.24992e-10, 1.68486, -0.0348566)
target_node = NodePath("../TorsoIK/WeaponRotator/WeaponRotatorTarget")
bone_name = "WeaponHolderRotator"
bone = 50
primary_rotation_axis = 0

[node name="NeckIK" type="LookAtModifier3D" parent="Armature_001/Skeleton3D" index="3"]
transform = Transform3D(1, 0, 0, 0, 1, 0, 0, 0, 1, 0, 1.72407, 0.0846984)
target_node = NodePath("../TorsoIK/NeckRotator/NeckTarget")
bone_name = "Neck"
bone = 12
primary_rotation_axis = 0

[node name="HeadIK" type="LookAtModifier3D" parent="Armature_001/Skeleton3D" index="4"]
transform = Transform3D(1, 0, 0, 0, 1, 0, 0, 0, 1, 0, 1.75154, 0)
target_node = NodePath("../TorsoIK/NeckRotator/HeadRotator/HeadTarget")
bone_name = "Head"
bone = 13
primary_rotation_axis = 0

[node name="CameraAttach" type="BoneAttachment3D" parent="Armature_001/Skeleton3D" index="5"]
transform = Transform3D(1, -5.29139e-09, 2.38359e-07, -2.37224e-13, 0.999753, 0.0221949, -2.38417e-07, -0.0221949, 0.999753, -8.46005e-11, 1.79311, -0.0342684)
bone_name = "Head"
bone_idx = 13

[node name="PlaceHolderHorn" type="MeshInstance3D" parent="Armature_001/Skeleton3D/CameraAttach" index="0"]
transform = Transform3D(0.866025, -0.5, -2.38417e-07, 0.499877, 0.865812, -0.0221949, 0.0110976, 0.0192212, 0.999754, -0.0879654, 0.216415, 0.0390813)
mesh = SubResource("CylinderMesh_qsg40")
skeleton = NodePath("../../HeadIK")
surface_material_override/0 = SubResource("StandardMaterial3D_qsg40")

[node name="PlaceHolderHorn2" type="MeshInstance3D" parent="Armature_001/Skeleton3D/CameraAttach" index="1"]
transform = Transform3D(0.866025, 0.5, -2.38417e-07, -0.499877, 0.865812, -0.0221949, -0.0110972, 0.0192214, 0.999754, 0.088, 0.216616, 0.0390858)
mesh = SubResource("CylinderMesh_qsg40")
skeleton = NodePath("../../HeadIK")
surface_material_override/0 = SubResource("StandardMaterial3D_qsg40")

[node name="WeaponAttach" type="BoneAttachment3D" parent="Armature_001/Skeleton3D" index="6"]
transform = Transform3D(-0.42948, -1.2064e-09, 0.0325399, 0.013988, 0.00798867, 0.999025, -0.000111749, 0.999968, -0.00798114, -0.341093, 0.93655, 0.0144097)
bone_name = "HandIK.R"
bone_idx = 51

[node name="WeaponRT" type="RemoteTransform3D" parent="Armature_001/Skeleton3D/WeaponAttach" index="0"]
transform = Transform3D(0.689169, 0.0815617, -0.719995, -0.723882, 0.0332636, -0.689121, -0.0322563, 0.996113, 0.0819653, -0.00158573, 0.0329829, 0.0161717)

[node name="FirstPersonOffset" type="Node3D" parent="Armature_001/Skeleton3D/WeaponAttach/WeaponRT" index="0"]
transform = Transform3D(0.999967, 0.00805518, 0.00126484, -0.00806044, 0.999959, 0.00419037, -0.00123098, -0.00420044, 0.999991, -0.0575444, 0.135319, -0.105339)

[node name="WeaponHolder" type="Node3D" parent="Armature_001/Skeleton3D/WeaponAttach/WeaponRT" index="1"]
transform = Transform3D(0.736381, -0.0448623, -0.675079, 1.11759e-08, 0.997799, -0.0663088, 0.676568, 0.0488285, 0.73476, -0.0362854, 0.0537172, 0.00370161)

[node name="HandIKTarget_R" type="Marker3D" parent="Armature_001/Skeleton3D/WeaponAttach/WeaponRT/WeaponHolder" index="0"]
transform = Transform3D(-0.179606, -0.973935, 0.138544, -0.0397341, 0.1479, 0.988204, -0.982936, 0.171982, -0.0652625, 0.0660651, -0.0685303, -0.0210091)

[node name="HandIKTarget_L" type="Marker3D" parent="Armature_001/Skeleton3D/WeaponAttach/WeaponRT/WeaponHolder" index="1"]
transform = Transform3D(-0.208498, -0.977033, -0.0440257, -0.00389568, -0.0441853, 0.999016, -0.978015, 0.208464, 0.00540628, 0.096892, -0.148744, 0.00965346)

[node name="longsword" parent="Armature_001/Skeleton3D/WeaponAttach/WeaponRT/WeaponHolder" index="2" instance=ExtResource("3_27k8n")]

[node name="FPHeadOverride" type="BoneAttachment3D" parent="Armature_001/Skeleton3D" index="7"]
transform = Transform3D(1, -7.81321e-10, 2.38416e-07, -2.39017e-13, 0.999994, 0.00327817, -2.38418e-07, -0.00327817, 0.999994, -2.14429e-14, 1.68486, -0.0339135)
bone_name = "Neck"
bone_idx = 12

[node name="Cube" parent="Armature_001/Skeleton3D" index="8"]
transform = Transform3D(-0.0371446, 0.0633349, -0.424407, -0.144273, -0.969369, -0.194475, -0.986444, 0.125619, 0.10558, -0.247902, 1.83813, 0.403036)
visible = false

[node name="Cube" parent="Armature_001/Skeleton3D/Cube" index="0"]
visible = false

[node name="Cube_001" parent="Armature_001/Skeleton3D" index="9"]
transform = Transform3D(-0.0371446, 0.0633349, -0.424407, -0.144273, -0.969369, -0.194475, -0.986444, 0.125619, 0.10558, -0.228888, 1.54713, 0.440747)
visible = false

[node name="Cylinder_001" parent="Armature_001/Skeleton3D" index="10"]
transform = Transform3D(-0.0371446, 0.0633349, -0.424407, -0.144273, -0.969369, -0.194475, -0.986444, 0.125619, 0.10558, -0.215549, 1.34297, 0.467203)
visible = false

[node name="Cylinder_001" parent="Armature_001/Skeleton3D/Cylinder_001" index="0"]
visible = false

[node name="Cube_004" parent="Armature_001/Skeleton3D" index="11"]
layers = 2
surface_material_override/0 = ExtResource("4_ptfj4")

[node name="HandIK_R" type="SkeletonIK3D" parent="Armature_001/Skeleton3D" index="12"]
transform = Transform3D(1, 0, 0, 0, 1, 0, 0, 0, 1, -0.152794, 1.17006, 0.397446)
root_bone = &"ArmUpper.R"
tip_bone = &"Hand.R"
target_node = NodePath("../WeaponAttach/WeaponRT/WeaponHolder/HandIKTarget_R")
min_distance = 0.001
max_iterations = 20

[node name="HandIK_L" type="SkeletonIK3D" parent="Armature_001/Skeleton3D" index="13"]
transform = Transform3D(1, 0, 0, 0, 1, 0, 0, 0, 1, -0.152794, 1.17006, 0.397446)
root_bone = &"ArmUpper.L"
tip_bone = &"Hand.L"
target_node = NodePath("../WeaponAttach/WeaponRT/WeaponHolder/HandIKTarget_L")
min_distance = 0.001
max_iterations = 20

[node name="PhysicalBoneSimulator3D" type="PhysicalBoneSimulator3D" parent="Armature_001/Skeleton3D" index="14"]

[node name="Physical Bone LegUpper_L" type="PhysicalBone3D" parent="Armature_001/Skeleton3D/PhysicalBoneSimulator3D" index="0"]
transform = Transform3D(-0.999323, 0.00418735, -0.0365559, -0.0362997, 0.0502686, 0.998076, 0.00601691, 0.998727, -0.0500826, 0.140658, 0.69623, -0.0264873)
collision_layer = 67108864
collision_mask = 67108865
joint_type = 2
joint_offset = Transform3D(0.999998, 0, 0, 0, 0.707104, -0.707103, 0, 0.707104, 0.707103, 5.55302e-06, 2.36965e-05, 0.180985)
joint_rotation = Vector3(0.785398, 0, 0)
body_offset = Transform3D(0.999999, 9.31323e-10, 1.01553e-05, 1.01565e-05, -0.000121888, -1, 1.39698e-09, 0.999998, -0.000121884, -7.39098e-06, 0.180985, -1.63727e-06)
bone_name = "LegUpper.L"
joint_constraints/swing_span = 45.0
joint_constraints/twist_span = 0.0
joint_constraints/bias = 0.3
joint_constraints/softness = 0.8
joint_constraints/relaxation = 1.0

[node name="CollisionShape3D" type="CollisionShape3D" parent="Armature_001/Skeleton3D/PhysicalBoneSimulator3D/Physical Bone LegUpper_L" index="0"]
transform = Transform3D(1, 0, 0, 0, 0, 1, 0, -1, 0, 0, 0, 0)
shape = SubResource("CapsuleShape3D_27k8n")

[node name="Weapon" type="PhysicalBone3D" parent="Armature_001/Skeleton3D/PhysicalBoneSimulator3D" index="1"]
transform = Transform3D(-0.99947, 0.0325559, -2.69138e-05, 0.032555, 0.999437, -0.00811018, -0.000237135, -0.00810676, -0.999967, -0.341086, 0.96657, 0.0766243)
collision_layer = 0
joint_type = 2
joint_offset = Transform3D(1, 0, 0, 0, 1, 0, 0, 0, 1, -0.000955474, -0.0294986, 0.062456)
body_offset = Transform3D(2.32716, -5.88968e-06, 5.3397e-05, 2.29448e-05, -0.000122323, -1, 2.54983e-06, 1.00041, -0.000122373, 0.00222003, 0.0624524, 0.0295185)
bone_name = "HandIK.R"
joint_constraints/swing_span = 45.0
joint_constraints/twist_span = 15.0
joint_constraints/bias = 0.3
joint_constraints/softness = 0.8
joint_constraints/relaxation = 1.0

[node name="CollisionShape3D" type="CollisionShape3D" parent="Armature_001/Skeleton3D/PhysicalBoneSimulator3D/Weapon" index="0"]
transform = Transform3D(0.999997, -1.84809e-09, -1.55181e-07, 5.01336e-09, 4.00469e-08, 0.999997, 7.27596e-10, -1, -2.79397e-09, 0.0109302, 0.407916, -0.00272274)
shape = SubResource("BoxShape3D_m8ild")

[node name="Physical Bone Pelvis" type="PhysicalBone3D" parent="Armature_001/Skeleton3D/PhysicalBoneSimulator3D" index="2"]
transform = Transform3D(1, 2.38244e-07, 1.00312e-05, 1.00312e-05, -0.000121828, -1, -2.37022e-07, 1, -0.000121828, 2.64698e-22, 1.09559, -4.20958e-07)
collision_layer = 67108864
collision_mask = 67108865
joint_type = 1
joint_offset = Transform3D(1, 0, 0, 0, 1, 0, 0, 0, 1, -2.10806e-06, -0.0355016, 0.210994)
body_offset = Transform3D(1, -1.74296e-10, 1.00312e-05, 1.00312e-05, -0.000121888, -1, 1.397e-09, 1, -0.000121888, -8.47037e-09, 0.21099, 0.0355273)
bone_name = "Hip"
joint_constraints/bias = 0.3
joint_constraints/damping = 1.0
joint_constraints/impulse_clamp = 0.0

[node name="CollisionShape3D" type="CollisionShape3D" parent="Armature_001/Skeleton3D/PhysicalBoneSimulator3D/Physical Bone Pelvis" index="0"]
transform = Transform3D(1, 0, 0, 0, 0, 1, 0, -1, 0, 0, 0, 0)
shape = SubResource("CapsuleShape3D_27k8n")

[node name="Physical Bone LegLower_L" type="PhysicalBone3D" parent="Armature_001/Skeleton3D/PhysicalBoneSimulator3D" index="3"]
transform = Transform3D(-0.999881, 0.00880651, -0.0126568, -0.0140194, -0.177503, 0.98402, 0.00641917, 0.984081, 0.177605, 0.15034, 0.276547, -0.0606287)
collision_layer = 67108864
collision_mask = 67108865
joint_type = 3
joint_offset = Transform3D(-1.23266e-07, 0, 1, 0, 1, 0, -2.82, 0, -4.37114e-08, 3.27255e-06, 1.26988e-05, 0.243049)
joint_rotation = Vector3(0, 1.5708, 0)
body_offset = Transform3D(0.999999, -2.84519e-07, 2.35159e-08, -2.92202e-08, 4.31985e-05, -1, 2.71015e-07, 0.999998, 4.22299e-05, -3.27826e-06, 0.243049, -2.29627e-05)
bone_name = "LegLower.L"
joint_constraints/angular_limit_enabled = false
joint_constraints/angular_limit_upper = 0.0
joint_constraints/angular_limit_lower = -123.51
joint_constraints/angular_limit_bias = 0.3
joint_constraints/angular_limit_softness = 0.9
joint_constraints/angular_limit_relaxation = 1.0

[node name="CollisionShape3D" type="CollisionShape3D" parent="Armature_001/Skeleton3D/PhysicalBoneSimulator3D/Physical Bone LegLower_L" index="0"]
transform = Transform3D(1, 0, 0, 0, 0, 1, 0, -1, 0, 0, 0, 0)
shape = SubResource("CapsuleShape3D_ptfj4")

[node name="Physical Bone Foot_L" type="PhysicalBone3D" parent="Armature_001/Skeleton3D/PhysicalBoneSimulator3D" index="4"]
transform = Transform3D(-0.987698, -0.0280566, -0.153836, -0.0283655, 0.999598, -0.000186929, 0.153779, 0.00417901, -0.988096, 0.163575, 0.0372797, -0.038496)
collision_layer = 67108864
collision_mask = 67108865
joint_type = 2
joint_offset = Transform3D(1, 0, 0, 0, 1, 0, 0, 0, 1, -3.4778e-06, -3.62822e-06, 0.0660731)
body_offset = Transform3D(0.999999, 1.54545e-05, 0.00015074, 0.000150487, 3.99635e-05, -0.999998, -1.54931e-05, 1, 4.02522e-05, -6.48201e-06, 0.0660729, 9.68575e-07)
bone_name = "Foot.L"
joint_constraints/swing_span = 45.0
joint_constraints/twist_span = 15.0
joint_constraints/bias = 0.3
joint_constraints/softness = 0.8
joint_constraints/relaxation = 1.0

[node name="CollisionShape3D" type="CollisionShape3D" parent="Armature_001/Skeleton3D/PhysicalBoneSimulator3D/Physical Bone Foot_L" index="0"]
transform = Transform3D(1, 0, -8.08504e-08, 7.85221e-08, 6.51926e-09, 1, 2.98023e-08, -1, 7.45058e-09, 0.010332, 0.00028073, -0.066387)
shape = SubResource("CapsuleShape3D_dgahw")

[node name="Physical Bone LegUpper_R" type="PhysicalBone3D" parent="Armature_001/Skeleton3D/PhysicalBoneSimulator3D" index="5"]
transform = Transform3D(-0.999265, -0.00419004, 0.0380982, 0.0378415, 0.0500028, 0.998032, -0.00608681, 0.99874, -0.0498075, -0.140944, 0.696347, -0.0265557)
visible = false
collision_layer = 67108864
collision_mask = 67108865
joint_type = 2
joint_offset = Transform3D(0.999998, 0, 0, 0, 0.707105, -0.707104, 0, 0.707105, 0.707104, -1.70311e-05, 3.67502e-05, 0.180875)
joint_rotation = Vector3(0.785398, 0, 0)
body_offset = Transform3D(0.999999, -5.22612e-06, -2.04353e-05, -2.04417e-05, -1.67042e-05, -1, 5.22658e-06, 0.999998, -1.6693e-05, 2.07275e-05, 0.180875, -3.37306e-05)
bone_name = "LegUpper.R"
joint_constraints/swing_span = 45.0
joint_constraints/twist_span = 0.0
joint_constraints/bias = 0.3
joint_constraints/softness = 0.8
joint_constraints/relaxation = 1.0

[node name="CollisionShape3D" type="CollisionShape3D" parent="Armature_001/Skeleton3D/PhysicalBoneSimulator3D/Physical Bone LegUpper_R" index="0"]
transform = Transform3D(1, 0, 0, 0, 0, 1, 0, -1, 0, 0, 0, 0)
shape = SubResource("CapsuleShape3D_wltam")

[node name="Physical Bone LegLower_R" type="PhysicalBone3D" parent="Armature_001/Skeleton3D/PhysicalBoneSimulator3D" index="6"]
transform = Transform3D(-0.999736, -0.0198899, 0.0115148, 0.0148611, -0.177282, 0.984048, -0.0175312, 0.983959, 0.177531, -0.150627, 0.276462, -0.060682)
collision_layer = 67108864
collision_mask = 67108865
joint_type = 3
joint_offset = Transform3D(-1.23266e-07, 0, 1, 0, 1, 0, -2.82, 0, -4.37114e-08, -1.2178e-05, 4.9736e-06, 0.243146)
joint_rotation = Vector3(0, 1.5708, 0)
body_offset = Transform3D(0.999999, 2.68221e-07, 7.68341e-08, 1.15251e-07, 9.67979e-05, -1, -2.27243e-07, 0.999998, 9.57102e-05, 1.21593e-05, 0.243146, -2.82452e-05)
bone_name = "LegLower.R"
joint_constraints/angular_limit_enabled = true
joint_constraints/angular_limit_upper = 0.0
joint_constraints/angular_limit_lower = -123.51
joint_constraints/angular_limit_bias = 0.3
joint_constraints/angular_limit_softness = 0.9
joint_constraints/angular_limit_relaxation = 1.0

[node name="CollisionShape3D" type="CollisionShape3D" parent="Armature_001/Skeleton3D/PhysicalBoneSimulator3D/Physical Bone LegLower_R" index="0"]
transform = Transform3D(1, 0, 0, 0, 0, 1, 0, -1, 0, 0, 0, 0)
shape = SubResource("CapsuleShape3D_8orkt")

[node name="Physical Bone Foot_R" type="PhysicalBone3D" parent="Armature_001/Skeleton3D/PhysicalBoneSimulator3D" index="7"]
transform = Transform3D(-0.986217, -0.00310623, 0.165428, -0.00323989, 0.999995, -0.000538133, -0.165426, -0.00106668, -0.986222, -0.164346, 0.037307, -0.0386111)
collision_layer = 67108864
collision_mask = 67108865
joint_type = 2
joint_offset = Transform3D(1, 0, 0, 0, 1, 0, 0, 0, 1, 2.01334e-07, -7.90972e-06, 0.0660824)
body_offset = Transform3D(0.999999, 3.12776e-05, -0.000196517, -0.000196055, 0.000104279, -0.999998, -3.13007e-05, 1, 0.000104474, 1.27852e-05, 0.0660823, 1.00583e-06)
bone_name = "Foot.R"
joint_constraints/swing_span = 45.0
joint_constraints/twist_span = 15.0
joint_constraints/bias = 0.3
joint_constraints/softness = 0.8
joint_constraints/relaxation = 1.0

[node name="CollisionShape3D" type="CollisionShape3D" parent="Armature_001/Skeleton3D/PhysicalBoneSimulator3D/Physical Bone Foot_R" index="0"]
transform = Transform3D(1, 0, 0, 0, 0, 1, 0, -1, 0, 0, 0, 0)
shape = SubResource("CapsuleShape3D_qrx1d")

[node name="Physical Bone TorsoLower" type="PhysicalBone3D" parent="Armature_001/Skeleton3D/PhysicalBoneSimulator3D" index="8"]
transform = Transform3D(1, 2.35843e-07, -5.58856e-13, -6.31229e-13, 3.0687e-07, -1, -2.35843e-07, 1, 3.0687e-07, 1.20818e-10, 1.26988, -0.0352976)
collision_layer = 67108864
collision_mask = 67108865
joint_type = 2
joint_offset = Transform3D(1, 0, 0, 0, 1, 0, 0, 0, 1, -6.6438e-11, -0.000230253, 0.175)
body_offset = Transform3D(1, -2.57563e-09, -3.76225e-13, -3.92408e-13, -7.66014e-07, -1, 2.57558e-09, 1, -7.66014e-07, 6.59108e-11, 0.175, 0.000230387)
bone_name = "TorsoLower"
joint_constraints/swing_span = 45.0
joint_constraints/twist_span = 15.0
joint_constraints/bias = 0.3
joint_constraints/softness = 0.8
joint_constraints/relaxation = 1.0

[node name="CollisionShape3D" type="CollisionShape3D" parent="Armature_001/Skeleton3D/PhysicalBoneSimulator3D/Physical Bone TorsoLower" index="0"]
transform = Transform3D(1, 0, 0, 0, 0, 1, 0, -1, 0, 0, 0, 0)
shape = SubResource("CapsuleShape3D_lhxf1")

[node name="Physical Bone TorsoUpper" type="PhysicalBone3D" parent="Armature_001/Skeleton3D/PhysicalBoneSimulator3D" index="9"]
transform = Transform3D(1, 2.37999e-07, -3.31779e-12, 1.36799e-09, -0.00576179, -0.999983, -2.37995e-07, 0.999983, -0.00576179, -8.27031e-13, 1.54425, -0.0347264)
collision_layer = 67108864
collision_mask = 67108865
joint_type = 2
joint_offset = Transform3D(1, 0, 0, 0, 1, 0, 0, 0, 1, 6.10427e-13, 2.76738e-06, 0.139627)
body_offset = Transform3D(1, -4.19035e-10, -3.28215e-12, -3.29614e-12, -1.56462e-07, -1, 4.1895e-10, 1, -1.56462e-07, -1.5099e-13, 0.139627, -2.74554e-06)
bone_name = "TorsoUpper"
joint_constraints/swing_span = 45.0
joint_constraints/twist_span = 15.0
joint_constraints/bias = 0.3
joint_constraints/softness = 0.8
joint_constraints/relaxation = 1.0

[node name="CollisionShape3D" type="CollisionShape3D" parent="Armature_001/Skeleton3D/PhysicalBoneSimulator3D/Physical Bone TorsoUpper" index="0"]
transform = Transform3D(1, 0, 0, 0, 0, 1, 0, -1, 0, 0, 0, 0)
shape = SubResource("CapsuleShape3D_nyuax")

[node name="Physical Bone Neck" type="PhysicalBone3D" parent="Armature_001/Skeleton3D/PhysicalBoneSimulator3D" index="10"]
transform = Transform3D(1, 2.38448e-07, 7.81568e-10, 2.51247e-15, 0.0032777, -0.999995, -2.38449e-07, 0.999995, 0.0032777, -1.82047e-10, 1.73886, -0.0340006)
collision_layer = 67108864
collision_mask = 67108865
joint_type = 2
joint_offset = Transform3D(1, 0, 0, 0, 1, 0, 0, 0, 1, 1.61266e-10, -8.9957e-05, 0.0540057)
body_offset = Transform3D(1, 3.16334e-11, 3.59324e-13, 3.45557e-13, -4.7381e-07, -1, -3.17328e-11, 1, -4.72413e-07, -1.61283e-10, 0.0540057, 8.99825e-05)
bone_name = "Neck"
joint_constraints/swing_span = 45.0
joint_constraints/twist_span = 15.0
joint_constraints/bias = 0.3
joint_constraints/softness = 0.8
joint_constraints/relaxation = 1.0

[node name="CollisionShape3D" type="CollisionShape3D" parent="Armature_001/Skeleton3D/PhysicalBoneSimulator3D/Physical Bone Neck" index="0"]
transform = Transform3D(1, -1.11022e-16, 2.84217e-14, 0, -2.32831e-10, 1, 0, -1, -4.65661e-10, 7.81597e-14, 0.0003276, -0.100048)
shape = SubResource("CapsuleShape3D_brmrl")

[node name="Physical Bone Shoulder_L" type="PhysicalBone3D" parent="Armature_001/Skeleton3D/PhysicalBoneSimulator3D" index="11"]
transform = Transform3D(-0.38215, 0.00450381, -0.924089, -0.9241, -0.00131213, 0.382148, 0.000508596, 0.999989, 0.0046634, 0.15095, 1.63077, -0.0343866)
collision_layer = 67108864
collision_mask = 67108865
joint_type = 2
joint_offset = Transform3D(1, 0, 0, 0, 1, 0, 0, 0, 1, -0.000734609, 2.38244e-06, 0.101033)
body_offset = Transform3D(1, -3.09158e-06, 1.92855e-05, 1.94724e-05, -1.84355e-06, -1, 3.09385e-06, 1, -1.84076e-06, 0.00073266, 0.101033, -2.1942e-06)
bone_name = "Shoulder.L"
joint_constraints/swing_span = 25.66
joint_constraints/twist_span = 0.0
joint_constraints/bias = 0.3
joint_constraints/softness = 0.8
joint_constraints/relaxation = 1.0

[node name="CollisionShape3D" type="CollisionShape3D" parent="Armature_001/Skeleton3D/PhysicalBoneSimulator3D/Physical Bone Shoulder_L" index="0"]
transform = Transform3D(1, 0, 0, 0, 0, 1, 0, -1, 0, 0, 0, 0)
shape = SubResource("CapsuleShape3D_rinsa")

[node name="Physical Bone ArmUpper_L" type="PhysicalBone3D" parent="Armature_001/Skeleton3D/PhysicalBoneSimulator3D" index="12"]
transform = Transform3D(-0.966381, -0.0639305, -0.24904, -0.243767, -0.0802249, 0.96651, -0.0817687, 0.994725, 0.0619436, 0.284701, 1.43857, -0.0447771)
collision_layer = 67108864
collision_mask = 67108865
joint_type = 2
joint_offset = Transform3D(1, 0, 0, 0, 1, 0, 0, 0, 1, -6.01093e-06, 4.25719e-05, 0.159436)
body_offset = Transform3D(1, 0.000108071, -8.308e-05, -8.31452e-05, -7.3012e-05, -1, -0.000108123, 1, -7.29933e-05, 1.92523e-05, 0.159436, -3.09348e-05)
bone_name = "ArmUpper.L"
joint_constraints/swing_span = 45.0
joint_constraints/twist_span = 15.0
joint_constraints/bias = 0.3
joint_constraints/softness = 0.8
joint_constraints/relaxation = 1.0

[node name="CollisionShape3D" type="CollisionShape3D" parent="Armature_001/Skeleton3D/PhysicalBoneSimulator3D/Physical Bone ArmUpper_L" index="0"]
transform = Transform3D(1, 0, 0, 0, 0, 1, 0, -1, 0, 0, 0, 0)
shape = SubResource("CapsuleShape3D_g61hy")

[node name="Physical Bone ArmLower_L" type="PhysicalBone3D" parent="Armature_001/Skeleton3D/PhysicalBoneSimulator3D" index="13"]
transform = Transform3D(-0.995203, -0.0910137, -0.0358899, -0.051299, 0.173079, 0.983571, -0.0833066, 0.980694, -0.176918, 0.330715, 1.10952, -0.0230229)
collision_layer = 67108864
collision_mask = 67108865
joint_type = 3
joint_offset = Transform3D(-1.23266e-07, 0, 1, 0, 1, 0, -2.82, 0, -4.37114e-08, -1.30129e-05, -3.84915e-05, 0.178306)
joint_rotation = Vector3(0, 1.5708, 0)
body_offset = Transform3D(1, -9.26703e-05, 0.000214697, 0.000214594, -2.11746e-05, -1, 9.26256e-05, 1, -2.12938e-05, -2.52724e-05, 0.178306, 4.22895e-05)
bone_name = "ArmLower.L"
joint_constraints/angular_limit_enabled = true
joint_constraints/angular_limit_upper = -84.08
joint_constraints/angular_limit_lower = -162.89
joint_constraints/angular_limit_bias = 0.3
joint_constraints/angular_limit_softness = 0.9
joint_constraints/angular_limit_relaxation = 1.0

[node name="CollisionShape3D" type="CollisionShape3D" parent="Armature_001/Skeleton3D/PhysicalBoneSimulator3D/Physical Bone ArmLower_L" index="0"]
transform = Transform3D(1, 0, 0, 0, 0, 1, 0, -1, 0, 0, 0, 0)
shape = SubResource("CapsuleShape3D_u4082")

[node name="Physical Bone Hand_L" type="PhysicalBone3D" parent="Armature_001/Skeleton3D/PhysicalBoneSimulator3D" index="14"]
transform = Transform3D(0.9751, 0.16715, 0.14574, 0.0944737, -0.907668, 0.408917, 0.200635, -0.384967, -0.900859, 0.333812, 0.92526, 0.028428)
collision_layer = 67108864
collision_mask = 67108865
joint_type = 2
joint_offset = Transform3D(1, 0, 0, 0, 1, 0, 0, 0, 1, 1.89617e-06, -1.98912e-05, 0.0222067)
body_offset = Transform3D(-0.990197, -0.0799491, -0.114538, -3.9313e-05, 0.820157, -0.572139, 0.139681, -0.566526, -0.81212, 0.00254381, 0.0127217, 0.018023)
bone_name = "Hand.L"
joint_constraints/swing_span = 45.0
joint_constraints/twist_span = 15.0
joint_constraints/bias = 0.3
joint_constraints/softness = 0.8
joint_constraints/relaxation = 1.0

[node name="CollisionShape3D" type="CollisionShape3D" parent="Armature_001/Skeleton3D/PhysicalBoneSimulator3D/Physical Bone Hand_L" index="0"]
transform = Transform3D(0.981607, -0.183496, -0.0526944, 0.174608, 0.751291, 0.636454, -0.0771982, -0.633949, 0.769513, 0.00336871, 0.0239931, -0.00950283)
shape = SubResource("CapsuleShape3D_vmfvt")

[node name="Physical Bone Shoulder_R" type="PhysicalBone3D" parent="Armature_001/Skeleton3D/PhysicalBoneSimulator3D" index="15"]
transform = Transform3D(-0.382041, 0.00449272, 0.924134, 0.923858, -0.0230952, 0.382039, 0.0230595, 0.999723, 0.00467268, -0.150882, 1.63065, -0.0344179)
collision_layer = 67108864
collision_mask = 67108865
joint_type = 2
joint_offset = Transform3D(1, 0, 0, 0, 1, 0, 0, 0, 1, 0.00088336, 1.20755e-05, 0.101015)
body_offset = Transform3D(1, 5.52088e-06, -0.000137083, -0.000137321, 1.06143e-05, -1, -5.51715e-06, 1, 1.06138e-05, -0.000869513, 0.101016, -1.31428e-05)
bone_name = "Shoulder.R"
joint_constraints/swing_span = 25.66
joint_constraints/twist_span = 0.0
joint_constraints/bias = 0.3
joint_constraints/softness = 0.8
joint_constraints/relaxation = 1.0

[node name="CollisionShape3D" type="CollisionShape3D" parent="Armature_001/Skeleton3D/PhysicalBoneSimulator3D/Physical Bone Shoulder_R" index="0"]
transform = Transform3D(1, 0, 0, 0, 0, 1, 0, -1, 0, 0, 0, 0)
shape = SubResource("CapsuleShape3D_20nmv")

[node name="Physical Bone ArmUpper_R" type="PhysicalBone3D" parent="Armature_001/Skeleton3D/PhysicalBoneSimulator3D" index="16"]
transform = Transform3D(-0.967597, 0.0633602, 0.244422, 0.238904, -0.0836391, 0.967434, 0.0817401, 0.99448, 0.065792, -0.284001, 1.43842, -0.0453992)
collision_layer = 67108864
collision_mask = 67108865
joint_type = 2
joint_offset = Transform3D(1, 0, 0, 0, 1, 0, 0, 0, 1, -2.79231e-05, 5.33422e-05, 0.159445)
body_offset = Transform3D(1, -2.05189e-05, -0.000109348, -0.000109383, -0.000388205, -1, 2.05189e-05, 1, -0.00038819, 4.53591e-05, 0.159445, 8.55327e-06)
bone_name = "ArmUpper.R"
joint_constraints/swing_span = 45.0
joint_constraints/twist_span = 15.0
joint_constraints/bias = 0.3
joint_constraints/softness = 0.8
joint_constraints/relaxation = 1.0

[node name="CollisionShape3D" type="CollisionShape3D" parent="Armature_001/Skeleton3D/PhysicalBoneSimulator3D/Physical Bone ArmUpper_R" index="0"]
transform = Transform3D(1, 0, 0, 0, 0, 1, 0, -1, 0, 0, 0, 0)
shape = SubResource("CapsuleShape3D_tthl5")

[node name="Physical Bone ArmLower_R" type="PhysicalBone3D" parent="Armature_001/Skeleton3D/PhysicalBoneSimulator3D" index="17"]
transform = Transform3D(-0.998645, 0.0329987, 0.0402391, 0.0455337, 0.17972, 0.982663, 0.0251948, 0.983164, -0.180979, -0.329939, 1.10927, -0.0237194)
collision_layer = 67108864
collision_mask = 67108865
joint_type = 3
joint_offset = Transform3D(-1.23266e-07, 0, 1, 0, 1, 0, -2.82, 0, -4.37114e-08, 4.992e-05, 6.93481e-05, 0.178393)
joint_rotation = Vector3(0, 1.5708, 0)
body_offset = Transform3D(1, -0.000168625, -0.000297474, -0.000297436, -0.000366256, -1, 0.0001685, 1, -0.000366315, 3.15905e-06, 0.178393, -4.00841e-06)
bone_name = "ArmLower.R"
joint_constraints/angular_limit_enabled = true
joint_constraints/angular_limit_upper = -84.08
joint_constraints/angular_limit_lower = -162.89
joint_constraints/angular_limit_bias = 0.3
joint_constraints/angular_limit_softness = 0.9
joint_constraints/angular_limit_relaxation = 1.0

[node name="CollisionShape3D" type="CollisionShape3D" parent="Armature_001/Skeleton3D/PhysicalBoneSimulator3D/Physical Bone ArmLower_R" index="0"]
transform = Transform3D(1, 0, 0, 0, 0, 1, 0, -1, 0, 0, 0, 0)
shape = SubResource("CapsuleShape3D_metwr")

[node name="Physical Bone Hand_R" type="PhysicalBone3D" parent="Armature_001/Skeleton3D/PhysicalBoneSimulator3D" index="18"]
transform = Transform3D(0.982167, -0.150388, -0.112835, -0.092924, -0.910016, 0.404025, -0.163442, -0.386335, -0.907762, -0.334539, 0.925386, 0.0285757)
collision_layer = 67108864
collision_mask = 67108865
joint_type = 2
joint_offset = Transform3D(1, 0, 0, 0, 1, 0, 0, 0, 1, -4.62495e-06, -5.41471e-06, 0.0221949)
body_offset = Transform3D(-0.992317, 0.0707669, 0.101484, -4.54821e-05, 0.820055, -0.572286, -0.123721, -0.567894, -0.813751, -0.00225663, 0.0127063, 0.0180575)
bone_name = "Hand.R"
joint_constraints/swing_span = 45.0
joint_constraints/twist_span = 15.0
joint_constraints/bias = 0.3
joint_constraints/softness = 0.8
joint_constraints/relaxation = 1.0

[node name="CollisionShape3D" type="CollisionShape3D" parent="Armature_001/Skeleton3D/PhysicalBoneSimulator3D/Physical Bone Hand_R" index="0"]
transform = Transform3D(0.985501, 0.166901, 0.0305316, -0.151705, 0.786176, 0.599094, 0.0759864, -0.595039, 0.800097, 0.00600952, 0.0529912, -0.0183179)
shape = SubResource("CapsuleShape3D_8s1m1")

[editable path="AnimationTree"]
[editable path="AnimationTree/player_model"]
