[gd_scene load_steps=25 format=3 uid="uid://b87lre0mdex5b"]

[ext_resource type="PackedScene" uid="uid://byoolwbycr4tk" path="res://player/models/player_model.glb" id="1_qsg40"]
[ext_resource type="Script" uid="uid://btd5vhgg6r4l0" path="res://enemies/scripts/enemy_skeleton_controller.gd" id="2_qsg40"]
[ext_resource type="PackedScene" uid="uid://cj7p8kb5is0qr" path="res://weapons/models/longsword_model.tscn" id="3_27k8n"]
[ext_resource type="PackedScene" uid="uid://411nf870j1o3" path="res://player/animations/humanoid_animation_tree.tscn" id="3_m8ild"]

[sub_resource type="CylinderMesh" id="CylinderMesh_qsg40"]
top_radius = 0.0
bottom_radius = 0.02
height = 0.1

[sub_resource type="StandardMaterial3D" id="StandardMaterial3D_qsg40"]
albedo_color = Color(0.903072, 0, 0.111692, 1)

[sub_resource type="CapsuleShape3D" id="CapsuleShape3D_27k8n"]
radius = 0.100079
height = 0.351076

[sub_resource type="BoxShape3D" id="BoxShape3D_m8ild"]
size = Vector3(0.02, 0.075, 0.964687)

[sub_resource type="CapsuleShape3D" id="CapsuleShape3D_ptfj4"]
radius = 0.078774
height = 0.486213

[sub_resource type="CapsuleShape3D" id="CapsuleShape3D_dgahw"]
radius = 0.0514638
height = 0.325685

[sub_resource type="CapsuleShape3D" id="CapsuleShape3D_wltam"]
radius = 0.0877419
height = 0.361851

[sub_resource type="CapsuleShape3D" id="CapsuleShape3D_8orkt"]
radius = 0.0738186
height = 0.486213

[sub_resource type="CapsuleShape3D" id="CapsuleShape3D_qrx1d"]
radius = 0.045178
height = 0.238938

[sub_resource type="CapsuleShape3D" id="CapsuleShape3D_lhxf1"]
radius = 0.184918
height = 0.381273

[sub_resource type="CapsuleShape3D" id="CapsuleShape3D_nyuax"]
radius = 0.192025
height = 0.38405

[sub_resource type="CapsuleShape3D" id="CapsuleShape3D_brmrl"]
radius = 0.118434
height = 0.298137

[sub_resource type="CapsuleShape3D" id="CapsuleShape3D_rinsa"]
radius = 0.0658708
height = 0.202505

[sub_resource type="CapsuleShape3D" id="CapsuleShape3D_g61hy"]
radius = 0.0683381
height = 0.31845

[sub_resource type="CapsuleShape3D" id="CapsuleShape3D_u4082"]
radius = 0.0568693
height = 0.356379

[sub_resource type="CapsuleShape3D" id="CapsuleShape3D_vmfvt"]
radius = 0.0322203
height = 0.157885

[sub_resource type="CapsuleShape3D" id="CapsuleShape3D_20nmv"]
radius = 0.0625521
height = 0.202505

[sub_resource type="CapsuleShape3D" id="CapsuleShape3D_tthl5"]
radius = 0.0649227
height = 0.31845

[sub_resource type="CapsuleShape3D" id="CapsuleShape3D_metwr"]
radius = 0.0603488
height = 0.356379

[sub_resource type="CapsuleShape3D" id="CapsuleShape3D_8s1m1"]
radius = 0.0354016
height = 0.152102

[node name="enemy_humanoid_model" node_paths=PackedStringArray("skeleton", "weapon") instance=ExtResource("1_qsg40")]
script = ExtResource("2_qsg40")
skeleton = NodePath("Armature_001/Skeleton3D")
weapon = NodePath("Armature_001/Skeleton3D/WeaponAttach/WeaponRT/WeaponHolder/longsword")

[node name="AnimationTree" parent="." index="0" instance=ExtResource("3_m8ild")]
root_node = NodePath("..")
anim_player = NodePath("../AnimationPlayer")

[node name="player_model" parent="AnimationTree" index="0"]
visible = false

[node name="Skeleton3D" parent="Armature_001" index="0"]
modifier_callback_mode_process = 0
bones/0/position = Vector3(2.64698e-22, 0.876248, -0.0355277)
bones/0/rotation = Quaternion(-2.98023e-08, 1.19209e-07, -2.5638e-29, 1)
bones/1/rotation = Quaternion(-0.0015477, 0.104713, 0.994006, -0.0313826)
bones/2/rotation = Quaternion(-0.309448, 0.000492265, -0.0301916, 0.950437)
bones/3/rotation = Quaternion(0.743311, -0.0519765, 0.0551619, 0.664638)
bones/4/rotation = Quaternion(0.0948276, -0.0147556, 0.0123682, 0.995308)
bones/5/position = Vector3(-0.134036, -0.00773421, -6.70973e-08)
bones/5/rotation = Quaternion(-0.00210211, 0.0848045, 0.99615, 0.0221186)
bones/6/rotation = Quaternion(-0.148903, 0.00494697, 0.0154483, 0.988719)
bones/7/rotation = Quaternion(0.768517, 0.0639138, -0.0407191, 0.635326)
bones/8/rotation = Quaternion(3.75981e-05, -0.00693386, -0.018043, 0.999813)
bones/9/rotation = Quaternion(0.707107, -3.09086e-08, 1.37679e-07, 0.707107)
bones/11/rotation = Quaternion(0.00288137, 3.59366e-15, 6.86971e-10, 0.999996)
bones/12/rotation = Quaternion(-0.00288137, -1.77226e-14, -6.86971e-10, 0.999996)
bones/13/rotation = Quaternion(0.0066188, -1.19207e-07, 7.89012e-10, 0.999978)
bones/14/rotation = Quaternion(-0.00310769, -0.000596304, -0.831314, 0.555794)
bones/15/rotation = Quaternion(0.230779, -0.0425806, -0.619704, 0.748929)
bones/16/position = Vector3(0.0578671, 0.265432, 8.53135e-05)
bones/16/rotation = Quaternion(-0.00310769, -0.000596304, -0.831314, 0.555794)
bones/17/rotation = Quaternion(0.849045, 0.31638, -0.259376, 0.334289)
bones/18/rotation = Quaternion(0.879287, -0.0223457, -0.178634, 0.440959)
bones/19/rotation = Quaternion(-0.0283612, 0.0589381, 0.977677, 0.199673)
bones/20/position = Vector3(0.00269278, 0.0976004, 0.0355213)
bones/20/rotation = Quaternion(0.510731, -0.0945467, -0.522614, 0.676084)
bones/21/rotation = Quaternion(-0.464309, -0.00120828, -0.0885597, 0.881234)
bones/22/position = Vector3(0.0174241, 0.102443, 0.0396278)
bones/22/rotation = Quaternion(-0.193133, 0.0823619, -0.521379, 0.827091)
bones/23/position = Vector3(0.0117453, 0.103073, 0.00663473)
bones/23/rotation = Quaternion(-0.0151527, -0.0170048, -0.934789, 0.354472)
bones/24/rotation = Quaternion(0.0195027, 0.0159335, -0.902302, 0.430368)
bones/25/position = Vector3(0.0261877, 0.100375, 0.00817701)
bones/25/rotation = Quaternion(0.0541696, 0.0323522, -0.878859, 0.472891)
bones/26/position = Vector3(0.00881499, 0.101805, -0.0159811)
bones/26/rotation = Quaternion(-0.00693233, -0.0202035, -0.996348, -0.0826705)
bones/27/rotation = Quaternion(-0.000558258, -0.00180374, -0.995285, -0.0969793)
bones/28/position = Vector3(0.0187211, 0.101576, -0.0165072)
bones/28/rotation = Quaternion(-0.0374595, -0.0330266, -0.898336, 0.436462)
bones/29/position = Vector3(0.0079592, 0.0811148, -0.0403388)
bones/29/rotation = Quaternion(0.00258185, 0.00959899, -0.995059, -0.0987882)
bones/30/rotation = Quaternion(0.0123733, 0.0556875, -0.997674, -0.0373266)
bones/31/position = Vector3(0.004626, 0.0752024, -0.0395525)
bones/31/rotation = Quaternion(0.0833069, -0.094321, -0.491377, 0.861808)
bones/32/rotation = Quaternion(-0.000194678, -0.0041077, -0.992025, -0.125975)
bones/33/rotation = Quaternion(0.00100399, 0.0109549, -0.998795, -0.0478289)
bones/34/position = Vector3(-0.0578671, 0.265432, 8.52893e-05)
bones/34/rotation = Quaternion(0.00669007, -0.00595437, 0.831293, 0.555762)
bones/35/rotation = Quaternion(0.190864, -0.0242294, 0.506682, 0.840391)
bones/36/rotation = Quaternion(0.75405, 0.0516565, 0.168335, 0.632775)
bones/37/rotation = Quaternion(-0.0321434, -0.0418081, -0.163189, 0.985184)
bones/38/rotation = Quaternion(0.575964, -0.352516, 0.208771, 0.707398)
bones/39/rotation = Quaternion(-0.0486917, 0.0475131, 0.0295862, 0.997244)
bones/40/rotation = Quaternion(0.117788, -0.0230928, 0.624052, 0.772109)
bones/41/rotation = Quaternion(-0.02222, 0.00485566, 0.548176, 0.836054)
bones/42/rotation = Quaternion(0.0254992, -0.00349783, 0.539326, 0.841704)
bones/43/rotation = Quaternion(0.0625242, -0.00989843, 0.616018, 0.785184)
bones/44/rotation = Quaternion(-0.0211446, 0.00377185, 0.53068, 0.8473)
bones/45/rotation = Quaternion(-0.00187198, 0.000270378, 0.513429, 0.85813)
bones/46/rotation = Quaternion(-0.0451724, 0.0167865, 0.676517, 0.734848)
bones/47/rotation = Quaternion(0.00873025, -0.00350452, 0.543964, 0.839056)
bones/48/rotation = Quaternion(0.0545606, -0.0122406, 0.459651, 0.886337)
bones/49/rotation = Quaternion(-0.116361, 0.0440452, 0.721603, 0.681035)
bones/50/rotation = Quaternion(-0.00334497, 0.00152899, 0.566913, 0.823769)
bones/51/position = Vector3(-0.130513, 0.355731, 0.172972)
bones/51/rotation = Quaternion(0.00940105, -0.00357966, 0.470322, 0.882437)
bones/51/scale = Vector3(0.429708, 1, 0.999587)
bones/53/position = Vector3(-0.118664, 0.371928, 0.228548)
bones/53/rotation = Quaternion(0.0674861, 0.983019, -0.151363, -0.0787934)
bones/58/position = Vector3(0.153394, 0.0693142, -0.326679)
bones/58/rotation = Quaternion(0.00479742, -0.707091, 0.707091, -0.00479742)
bones/59/position = Vector3(-0.153436, 0.104484, 0.136945)
bones/59/rotation = Quaternion(0.00458585, 0.707092, -0.707092, -0.00458585)
bones/60/position = Vector3(0.154834, 0.0984934, -0.149647)
bones/60/rotation = Quaternion(0.00479743, -0.707091, 0.707091, -0.00479742)
bones/61/position = Vector3(-0.155602, 0.0359288, -0.0376053)
bones/61/rotation = Quaternion(0.00458585, 0.707092, -0.707092, -0.00458585)
bones/62/position = Vector3(-0.0816265, 1.42326, 0.315249)
bones/62/rotation = Quaternion(-0.0126777, 0.706993, 0.706993, -0.0126777)
bones/62/scale = Vector3(0.430657, 1, 0.998697)
bones/63/position = Vector3(-0.146956, 0.512624, 0.774651)
bones/64/position = Vector3(-0.0697541, 1.3677, 0.331391)
bones/65/position = Vector3(0.419333, 1.22944, 0.0482476)
bones/66/position = Vector3(-0.39484, 1.33756, -0.447656)

[node name="Helm" parent="Armature_001/Skeleton3D" index="0"]
transform = Transform3D(-0.382167, 0.924083, 0.00450433, -0.923553, -0.382105, 0.0323166, 0.0315844, 0.00819036, 0.999467, -0.000531922, 1.8632, -0.0225419)

[node name="Helm" parent="Armature_001/Skeleton3D/Helm" index="0"]
transform = Transform3D(-0.398866, -0.91603, 0.0423734, 0.916474, -0.399787, -0.0157174, 0.0313379, 0.032565, 0.998978, -0.0216125, -0.00894117, 0.000623286)

[node name="TorsoIK" type="LookAtModifier3D" parent="Armature_001/Skeleton3D" index="1"]
transform = Transform3D(1, -7.62281e-10, 2.38418e-07, 3.81134e-10, 0.999999, 0.00159865, -2.38419e-07, -0.00159865, 0.999999, -1.49411e-15, 1.09488, -0.0355278)
target_node = NodePath("TorsoTarget")
bone_name = "TorsoRotator"
bone = 9
forward_axis = 2
primary_rotation_axis = 0

[node name="TorsoTarget" type="Marker3D" parent="Armature_001/Skeleton3D/TorsoIK" index="0"]
transform = Transform3D(1, 2.77556e-17, 0, 2.77556e-17, 1, 1.16415e-10, 0, -1.16415e-10, 1, -3.61351e-07, -0.00242293, 1.51561)

[node name="FPHeadStretch_RT" type="RemoteTransform3D" parent="Armature_001/Skeleton3D/TorsoIK" index="1"]
transform = Transform3D(1, 1.37392e-09, 8.28493e-12, -1.37395e-09, 0.999983, 0.00576271, -4.68958e-13, -0.00576271, 0.999983, 3.53318e-08, 0.62505, -0.146194)
remote_path = NodePath("../../FPHeadOverride")

[node name="WeaponRotator" type="Node3D" parent="Armature_001/Skeleton3D/TorsoIK" index="2"]
transform = Transform3D(0.999985, 0.0053968, 0.000748251, -0.00540192, 0.99996, 0.00701469, -0.000710366, -0.00701863, 0.999975, -1.60167e-10, 0.589979, 0.00161442)

[node name="WeaponRotatorTarget" type="Marker3D" parent="Armature_001/Skeleton3D/TorsoIK/WeaponRotator" index="0"]
transform = Transform3D(1, 0, 0, 0, 1, 0, 0, 0, 1, 0, -1.5, 0)

[node name="NeckRotator" type="Node3D" parent="Armature_001/Skeleton3D/TorsoIK" index="3"]
transform = Transform3D(1, 1.25116e-17, 4.74338e-20, -8.01214e-18, 1, 1.16415e-10, -3.81165e-20, 0, 1, -1.60159e-10, 0.592355, -0.0329697)

[node name="NeckTarget" type="Marker3D" parent="Armature_001/Skeleton3D/TorsoIK/NeckRotator" index="0"]
transform = Transform3D(1, 0, 0, 4.43734e-30, 1, 0, 0, 0, 1, 0, 0, 1.45247)

[node name="HeadRotator" type="Node3D" parent="Armature_001/Skeleton3D/TorsoIK/NeckRotator" index="1"]
transform = Transform3D(1, 3.8114e-10, -7.10543e-14, -3.81139e-10, 0.999998, 0.00167525, 6.11067e-13, -0.00167524, 0.999999, 4.12586e-11, 0.105876, 0.0344033)

[node name="CameraRT" type="RemoteTransform3D" parent="Armature_001/Skeleton3D/TorsoIK/NeckRotator/HeadRotator" index="0"]
transform = Transform3D(-0.98607, -0.165536, -0.0162441, -0.163655, 0.983014, -0.083052, 0.0297163, -0.0792362, -0.996412, -0.0297484, 0.071686, 0.187486)
update_rotation = false
update_scale = false

[node name="HeadTarget" type="Marker3D" parent="Armature_001/Skeleton3D/TorsoIK/NeckRotator/HeadRotator" index="1"]
transform = Transform3D(1, 0, 0, 0, 1, 0, -6.93889e-18, 0, 1, 5.55112e-17, 0.0274643, 1.45247)

[node name="TorsoCollisionRT" type="RemoteTransform3D" parent="Armature_001/Skeleton3D/TorsoIK" index="4"]
transform = Transform3D(1, 3.81133e-10, -2.38419e-07, -7.62282e-10, 0.999999, -0.00159865, 2.38418e-07, 0.00159865, 0.999999, -8.32571e-09, 0.379813, 0.036135)

[node name="WeaponRotatorIK" type="LookAtModifier3D" parent="Armature_001/Skeleton3D" index="2"]
transform = Transform3D(1, 1.38053e-18, 3.43545e-20, 0, 0.998762, 0.0497388, 2.77556e-17, -0.0497388, 0.998762, -2.24992e-10, 1.68486, -0.0348566)
target_node = NodePath("../TorsoIK/WeaponRotator/WeaponRotatorTarget")
bone_name = "WeaponHolderRotator"
bone = 52
primary_rotation_axis = 0

[node name="NeckIK" type="LookAtModifier3D" parent="Armature_001/Skeleton3D" index="3"]
transform = Transform3D(1, 0, 0, 0, 1, 0, 0, 0, 1, 0, 1.72407, 0.0846984)
target_node = NodePath("../TorsoIK/NeckRotator/NeckTarget")
bone_name = "Neck"
bone = 12
primary_rotation_axis = 0

[node name="HeadIK" type="LookAtModifier3D" parent="Armature_001/Skeleton3D" index="4"]
transform = Transform3D(1, 0, 0, 0, 1, 0, 0, 0, 1, 0, 1.75154, 0)
target_node = NodePath("../TorsoIK/NeckRotator/HeadRotator/HeadTarget")
bone_name = "Head"
bone = 13
primary_rotation_axis = 0

[node name="CameraAttach" type="BoneAttachment3D" parent="Armature_001/Skeleton3D" index="5"]
transform = Transform3D(1, -5.3188e-09, 2.37693e-07, -1.30847e-09, 0.999611, 0.027873, -2.37749e-07, -0.027873, 0.999611, -9.23454e-11, 1.78475, -0.038156)
bone_name = "Head"
bone_idx = 13

[node name="PlaceHolderHorn" type="MeshInstance3D" parent="Armature_001/Skeleton3D/CameraAttach" index="0"]
transform = Transform3D(0.866025, -0.5, -2.38417e-07, 0.499877, 0.865812, -0.0221949, 0.0110976, 0.0192212, 0.999754, -0.0879654, 0.216415, 0.0390813)
mesh = SubResource("CylinderMesh_qsg40")
skeleton = NodePath("../../HeadIK")
surface_material_override/0 = SubResource("StandardMaterial3D_qsg40")

[node name="PlaceHolderHorn2" type="MeshInstance3D" parent="Armature_001/Skeleton3D/CameraAttach" index="1"]
transform = Transform3D(0.866025, 0.5, -2.38417e-07, -0.499877, 0.865812, -0.0221949, -0.0110972, 0.0192214, 0.999754, 0.088, 0.216616, 0.0390858)
mesh = SubResource("CylinderMesh_qsg40")
skeleton = NodePath("../../HeadIK")
surface_material_override/0 = SubResource("StandardMaterial3D_qsg40")

[node name="WeaponAttach" type="BoneAttachment3D" parent="Armature_001/Skeleton3D" index="6"]
transform = Transform3D(-0.97919, 0.110499, -0.170227, -0.127563, 0.317262, 0.939719, 0.157844, 0.941878, -0.296564, -0.119903, 1.45242, 0.337071)
bone_name = "HandIK.R"
bone_idx = 53

[node name="WeaponRT" type="RemoteTransform3D" parent="Armature_001/Skeleton3D/WeaponAttach" index="0"]
transform = Transform3D(0.689903, 0.0816284, -0.718673, -0.724653, 0.0332908, -0.687856, -0.0322906, 0.996927, 0.0818148, -0.00158573, 0.0329829, 0.0161717)

[node name="FirstPersonOffset" type="Node3D" parent="Armature_001/Skeleton3D/WeaponAttach/WeaponRT" index="0"]
transform = Transform3D(0.999967, 0.00805518, 0.00126484, -0.00806044, 0.999959, 0.00419037, -0.00123098, -0.00420044, 0.999991, -0.0575444, 0.135319, -0.105339)

[node name="WeaponHolder" type="Node3D" parent="Armature_001/Skeleton3D/WeaponAttach/WeaponRT" index="1"]
transform = Transform3D(0.736381, -0.0448623, -0.675079, 1.11759e-08, 0.997799, -0.0663088, 0.676568, 0.0488285, 0.73476, -0.0362854, 0.0537172, 0.00370161)

[node name="HandIKTarget_R" type="Marker3D" parent="Armature_001/Skeleton3D/WeaponAttach/WeaponRT/WeaponHolder" index="0"]
transform = Transform3D(-0.179606, -0.973935, 0.138544, -0.0397341, 0.1479, 0.988204, -0.982936, 0.171982, -0.0652625, 0.0660651, -0.0685303, -0.0210091)

[node name="HandIKTarget_L" type="Marker3D" parent="Armature_001/Skeleton3D/WeaponAttach/WeaponRT/WeaponHolder" index="1"]
transform = Transform3D(-0.208498, -0.977033, -0.0440257, -0.00389568, -0.0441853, 0.999016, -0.978015, 0.208464, 0.00540628, 0.096892, -0.148744, 0.00965346)

[node name="longsword" parent="Armature_001/Skeleton3D/WeaponAttach/WeaponRT/WeaponHolder" index="2" instance=ExtResource("3_27k8n")]

[node name="FPHeadOverride" type="BoneAttachment3D" parent="Armature_001/Skeleton3D" index="7"]
transform = Transform3D(1, -8.6549e-10, 2.37861e-07, -1.31152e-09, 0.999958, 0.00915241, -2.37859e-07, -0.00915241, 0.999958, 1.34515e-12, 1.6765, -0.0371652)
bone_name = "Neck"
bone_idx = 12

[node name="Visor" parent="Armature_001/Skeleton3D" index="8"]
transform = Transform3D(0.228307, 0.908576, -0.349809, -0.953708, 0.136473, -0.267983, -0.195743, 0.394798, 0.897674, -0.000532648, 1.86056, -0.0401035)

[node name="Visor" parent="Armature_001/Skeleton3D/Visor" index="0"]
transform = Transform3D(0.241469, -0.940743, -0.238108, 0.900451, 0.125737, 0.416387, -0.361774, -0.314949, 0.877455, -0.0225558, 0.00317836, -0.00646609)

[node name="Longsword" parent="Armature_001/Skeleton3D" index="9"]
transform = Transform3D(-0.0778551, 0.196758, -0.977356, -0.311966, -0.935908, -0.163563, -0.946898, 0.292168, 0.134247, -0.0697601, 1.51399, 0.54287)
visible = false

[node name="Cube" parent="Armature_001/Skeleton3D" index="10"]
transform = Transform3D(-0.0778551, 0.196758, -0.977356, -0.311966, -0.935908, -0.163563, -0.946898, 0.292168, 0.134247, -0.146493, 1.87898, 0.428929)
visible = false

[node name="Cube" parent="Armature_001/Skeleton3D/Cube" index="0"]
visible = false

[node name="Cube_001" parent="Armature_001/Skeleton3D" index="11"]
transform = Transform3D(-0.0778551, 0.196758, -0.977356, -0.311966, -0.935908, -0.163563, -0.946898, 0.292168, 0.134247, -0.0874255, 1.59801, 0.516639)
visible = false

[node name="HandIK_R" type="SkeletonIK3D" parent="Armature_001/Skeleton3D" index="12"]
transform = Transform3D(1, 0, 0, 0, 1, 0, 0, 0, 1, -0.152794, 1.17006, 0.397446)
root_bone = &"ArmUpper.R"
tip_bone = &"Hand.R"
target_node = NodePath("../WeaponAttach/WeaponRT/WeaponHolder/HandIKTarget_R")
min_distance = 0.001
max_iterations = 20

[node name="HandIK_L" type="SkeletonIK3D" parent="Armature_001/Skeleton3D" index="13"]
transform = Transform3D(1, 0, 0, 0, 1, 0, 0, 0, 1, -0.152794, 1.17006, 0.397446)
root_bone = &"ArmUpper.L"
tip_bone = &"Hand.L"
target_node = NodePath("../WeaponAttach/WeaponRT/WeaponHolder/HandIKTarget_L")
min_distance = 0.001
max_iterations = 20

[node name="PhysicalBoneSimulator3D" type="PhysicalBoneSimulator3D" parent="Armature_001/Skeleton3D" index="14"]
visible = false

[node name="Physical Bone LegUpper_L" type="PhysicalBone3D" parent="Armature_001/Skeleton3D/PhysicalBoneSimulator3D" index="0"]
transform = Transform3D(-0.998023, -0.00966708, -0.0620992, -0.0627495, 0.208344, 0.976041, 0.00350253, 0.978008, -0.208539, 0.145089, 0.705158, 0.0090669)
collision_layer = 67108864
collision_mask = 67108865
joint_type = 2
joint_offset = Transform3D(0.999998, 0, 0, 0, 0.707104, -0.707103, 0, 0.707104, 0.707103, 0.000623585, -0.00947292, 0.169428)
joint_rotation = Vector3(0.785398, 0, 0)
body_offset = Transform3D(0.999999, 9.45758e-07, 3.70723e-05, 3.70858e-05, -0.000276938, -1, -9.38773e-07, 0.999998, -0.000276968, -0.000629857, 0.169425, 0.00951983)
bone_name = "LegUpper.L"
joint_constraints/swing_span = 45.0
joint_constraints/twist_span = 0.0
joint_constraints/bias = 0.3
joint_constraints/softness = 0.8
joint_constraints/relaxation = 1.0

[node name="CollisionShape3D" type="CollisionShape3D" parent="Armature_001/Skeleton3D/PhysicalBoneSimulator3D/Physical Bone LegUpper_L" index="0"]
transform = Transform3D(1, 0, 0, 0, 0, 1, 0, -1, 0, 0, 0, 0)
shape = SubResource("CapsuleShape3D_27k8n")

[node name="Weapon" type="PhysicalBone3D" parent="Armature_001/Skeleton3D/PhysicalBoneSimulator3D" index="1"]
transform = Transform3D(-0.978461, -0.175431, -0.108807, -0.134502, 0.941617, -0.308653, 0.156601, -0.28737, -0.944931, -0.119638, 1.45229, 0.381338)
collision_layer = 0
joint_type = 2
joint_offset = Transform3D(1, 0, 0, 0, 1, 0, 0, 0, 1, -0.00715489, 0.00820206, 0.0421674)
body_offset = Transform3D(1, 4.17568e-05, 5.96642e-05, 5.9709e-05, -0.000450611, -1, -4.17531e-05, 1, -0.000450641, 0.00715203, 0.0421715, -0.00818336)
bone_name = "HandIK.R"
joint_constraints/swing_span = 45.0
joint_constraints/twist_span = 15.0
joint_constraints/bias = 0.3
joint_constraints/softness = 0.8
joint_constraints/relaxation = 1.0

[node name="CollisionShape3D" type="CollisionShape3D" parent="Armature_001/Skeleton3D/PhysicalBoneSimulator3D/Weapon" index="0"]
transform = Transform3D(0.999997, -1.84809e-09, -1.55181e-07, 5.01336e-09, 4.00469e-08, 0.999997, 7.27596e-10, -1, -2.79397e-09, 0.0109302, 0.407916, -0.00272274)
shape = SubResource("BoxShape3D_m8ild")

[node name="Physical Bone Pelvis" type="PhysicalBone3D" parent="Armature_001/Skeleton3D/PhysicalBoneSimulator3D" index="2"]
transform = Transform3D(1, 2.35769e-07, 9.93475e-06, 9.93478e-06, -0.000121828, -1, -2.34559e-07, 1, -0.000121828, -2.90559e-11, 1.08635, -0.000325814)
collision_layer = 67108864
collision_mask = 67108865
joint_type = 1
joint_offset = Transform3D(1, 0, 0, 0, 1, 0, 0, 0, 1, -2.07904e-06, -0.0351763, 0.210107)
body_offset = Transform3D(1, -2.64865e-09, 9.93478e-06, 9.93478e-06, -0.000121888, -1, 3.8596e-09, 1, -0.000121888, -8.42182e-09, 0.210103, 0.0352019)
bone_name = "Hip"
joint_constraints/bias = 0.3
joint_constraints/damping = 1.0
joint_constraints/impulse_clamp = 0.0

[node name="CollisionShape3D" type="CollisionShape3D" parent="Armature_001/Skeleton3D/PhysicalBoneSimulator3D/Physical Bone Pelvis" index="0"]
transform = Transform3D(1, 0, 0, 0, 0, 1, 0, -1, 0, 0, 0, 0)
shape = SubResource("CapsuleShape3D_27k8n")

[node name="Physical Bone LegLower_L" type="PhysicalBone3D" parent="Armature_001/Skeleton3D/PhysicalBoneSimulator3D" index="3"]
transform = Transform3D(-0.999958, 0.00912314, 0.00123293, -0.00258956, -0.407261, 0.913308, 0.00883436, 0.913266, 0.407268, 0.15604, 0.276343, -0.0645436)
collision_layer = 67108864
collision_mask = 67108865
joint_type = 3
joint_offset = Transform3D(-1.02084e-05, 0, 1, 0, 1, 0, -2.82, 0, -3.61999e-06, -0.000151384, -0.00199367, 0.260762)
joint_rotation = Vector3(0, 1.5708, 0)
body_offset = Transform3D(0.999999, -7.44127e-07, 6.98492e-09, -7.0082e-08, 0.000132948, -0.999999, 6.43544e-07, 0.999999, 0.000130802, 0.000151381, 0.260762, 0.00195956)
bone_name = "LegLower.L"
joint_constraints/angular_limit_enabled = false
joint_constraints/angular_limit_upper = 0.0
joint_constraints/angular_limit_lower = -123.51
joint_constraints/angular_limit_bias = 0.3
joint_constraints/angular_limit_softness = 0.9
joint_constraints/angular_limit_relaxation = 1.0

[node name="CollisionShape3D" type="CollisionShape3D" parent="Armature_001/Skeleton3D/PhysicalBoneSimulator3D/Physical Bone LegLower_L" index="0"]
transform = Transform3D(1, 0, 0, 0, 0, 1, 0, -1, 0, 0, 0, 0)
shape = SubResource("CapsuleShape3D_ptfj4")

[node name="Physical Bone Foot_L" type="PhysicalBone3D" parent="Armature_001/Skeleton3D/PhysicalBoneSimulator3D" index="4"]
transform = Transform3D(-0.987001, -0.0127162, -0.160212, -0.0606751, 0.952577, 0.298188, 0.148822, 0.304032, -0.940966, 0.166342, 0.036051, -0.0962735)
collision_layer = 67108864
collision_mask = 67108865
joint_type = 2
joint_offset = Transform3D(1, 0, 0, 0, 1, 0, 0, 0, 1, -0.00102875, 0.0148312, 0.0703629)
body_offset = Transform3D(0.999999, 4.4398e-05, 0.000530109, 0.00052996, 0.000151366, -0.999998, -4.46849e-05, 0.999999, 0.000153154, 0.000990793, 0.0703611, -0.014842)
bone_name = "Foot.L"
joint_constraints/swing_span = 45.0
joint_constraints/twist_span = 15.0
joint_constraints/bias = 0.3
joint_constraints/softness = 0.8
joint_constraints/relaxation = 1.0

[node name="CollisionShape3D" type="CollisionShape3D" parent="Armature_001/Skeleton3D/PhysicalBoneSimulator3D/Physical Bone Foot_L" index="0"]
transform = Transform3D(1, 0, -8.08504e-08, 7.85221e-08, 6.51926e-09, 1, 2.98023e-08, -1, 7.45058e-09, 0.010332, 0.00028073, -0.066387)
shape = SubResource("CapsuleShape3D_dgahw")

[node name="Physical Bone LegUpper_R" type="PhysicalBone3D" parent="Armature_001/Skeleton3D/PhysicalBoneSimulator3D" index="5"]
transform = Transform3D(-0.99901, -0.000420864, 0.0444775, 0.0437657, 0.169126, 0.984622, -0.00793671, 0.985594, -0.16894, -0.142172, 0.705413, 0.00221666)
visible = false
collision_layer = 67108864
collision_mask = 67108865
joint_type = 2
joint_offset = Transform3D(0.999998, 0, 0, 0, 0.707105, -0.707104, 0, 0.707105, 0.707104, -0.000690643, -0.00961952, 0.167331)
joint_rotation = Vector3(0.785398, 0, 0)
body_offset = Transform3D(0.999999, -1.19265e-05, -5.41903e-05, -5.41959e-05, -7.88867e-05, -1, 1.19228e-05, 0.999998, -7.88867e-05, 0.000699595, 0.16733, 0.00963271)
bone_name = "LegUpper.R"
joint_constraints/swing_span = 45.0
joint_constraints/twist_span = 0.0
joint_constraints/bias = 0.3
joint_constraints/softness = 0.8
joint_constraints/relaxation = 1.0

[node name="CollisionShape3D" type="CollisionShape3D" parent="Armature_001/Skeleton3D/PhysicalBoneSimulator3D/Physical Bone LegUpper_R" index="0"]
transform = Transform3D(1, 0, 0, 0, 0, 1, 0, -1, 0, 0, 0, 0)
shape = SubResource("CapsuleShape3D_wltam")

[node name="Physical Bone LegLower_R" type="PhysicalBone3D" parent="Armature_001/Skeleton3D/PhysicalBoneSimulator3D" index="6"]
transform = Transform3D(-0.999772, -0.018684, 0.0103081, 0.0126271, -0.128586, 0.991618, -0.0172019, 0.991522, 0.128792, -0.152618, 0.266912, -0.00358222)
collision_layer = 67108864
collision_mask = 67108865
joint_type = 3
joint_offset = Transform3D(-1.02084e-05, 0, 1, 0, 1, 0, -2.82, 0, -3.61999e-06, 8.90743e-05, -0.00267956, 0.247034)
joint_rotation = Vector3(0, 1.5708, 0)
body_offset = Transform3D(0.999999, 4.20958e-07, 6.88247e-07, 7.39703e-07, 0.000286028, -1, -3.66941e-07, 0.999998, 0.000284672, -8.92431e-05, 0.247035, 0.00260923)
bone_name = "LegLower.R"
joint_constraints/angular_limit_enabled = true
joint_constraints/angular_limit_upper = 0.0
joint_constraints/angular_limit_lower = -123.51
joint_constraints/angular_limit_bias = 0.3
joint_constraints/angular_limit_softness = 0.9
joint_constraints/angular_limit_relaxation = 1.0

[node name="CollisionShape3D" type="CollisionShape3D" parent="Armature_001/Skeleton3D/PhysicalBoneSimulator3D/Physical Bone LegLower_R" index="0"]
transform = Transform3D(1, 0, 0, 0, 0, 1, 0, -1, 0, 0, 0, 0)
shape = SubResource("CapsuleShape3D_8orkt")

[node name="Physical Bone Foot_R" type="PhysicalBone3D" parent="Armature_001/Skeleton3D/PhysicalBoneSimulator3D" index="7"]
transform = Transform3D(-0.98599, -0.00505843, 0.166725, -0.0152724, 0.998079, -0.0600372, -0.166101, -0.0617424, -0.984174, -0.166135, 0.0313616, 0.0282337)
collision_layer = 67108864
collision_mask = 67108865
joint_type = 2
joint_offset = Transform3D(1, 0, 0, 0, 1, 0, 0, 0, 1, -1.57077e-05, 0.00267375, 0.0660238)
body_offset = Transform3D(0.999999, 6.21714e-05, -0.00054957, -0.000549152, 0.000238579, -0.999997, -6.20764e-05, 1, 0.000239033, 5.18262e-05, 0.066023, -0.00268953)
bone_name = "Foot.R"
joint_constraints/swing_span = 45.0
joint_constraints/twist_span = 15.0
joint_constraints/bias = 0.3
joint_constraints/softness = 0.8
joint_constraints/relaxation = 1.0

[node name="CollisionShape3D" type="CollisionShape3D" parent="Armature_001/Skeleton3D/PhysicalBoneSimulator3D/Physical Bone Foot_R" index="0"]
transform = Transform3D(1, 0, 0, 0, 0, 1, 0, -1, 0, 0, 0, 0)
shape = SubResource("CapsuleShape3D_qrx1d")

[node name="Physical Bone TorsoLower" type="PhysicalBone3D" parent="Armature_001/Skeleton3D/PhysicalBoneSimulator3D" index="8"]
transform = Transform3D(1, 2.35682e-07, 1.78863e-13, 2.42407e-13, -2.69618e-07, -1, -2.35682e-07, 1, -2.69618e-07, 1.19208e-07, 1.26196, -0.0352953)
collision_layer = 67108864
collision_mask = 67108865
joint_type = 2
joint_offset = Transform3D(1, 0, 0, 0, 1, 0, 0, 0, 1, -1.19154e-07, -0.000232366, 0.175432)
body_offset = Transform3D(1, -2.7362e-09, -1.11022e-16, -2.80886e-14, -4.48432e-07, -1, 2.73616e-09, 1, -4.48432e-07, 1.19153e-07, 0.175432, 0.000232445)
bone_name = "TorsoLower"
joint_constraints/swing_span = 45.0
joint_constraints/twist_span = 15.0
joint_constraints/bias = 0.3
joint_constraints/softness = 0.8
joint_constraints/relaxation = 1.0

[node name="CollisionShape3D" type="CollisionShape3D" parent="Armature_001/Skeleton3D/PhysicalBoneSimulator3D/Physical Bone TorsoLower" index="0"]
transform = Transform3D(1, 0, 0, 0, 0, 1, 0, -1, 0, 0, 0, 0)
shape = SubResource("CapsuleShape3D_lhxf1")

[node name="Physical Bone TorsoUpper" type="PhysicalBone3D" parent="Armature_001/Skeleton3D/PhysicalBoneSimulator3D" index="9"]
transform = Transform3D(1, 2.37145e-07, -4.05101e-12, 1.36264e-09, -0.0057631, -0.999983, -2.37141e-07, 0.999983, -0.0057631, 2.33952e-12, 1.54206, -0.0347611)
collision_layer = 67108864
collision_mask = 67108865
joint_type = 2
joint_offset = Transform3D(1, 0, 0, 0, 1, 0, 0, 0, 1, -1.92954e-11, 7.35306e-05, 0.145788)
body_offset = Transform3D(1, -1.27316e-09, -4.20355e-12, -4.23069e-12, -5.67641e-07, -1, 1.27312e-09, 1, -5.68136e-07, 2.00018e-11, 0.145788, -7.34478e-05)
bone_name = "TorsoUpper"
joint_constraints/swing_span = 45.0
joint_constraints/twist_span = 15.0
joint_constraints/bias = 0.3
joint_constraints/softness = 0.8
joint_constraints/relaxation = 1.0

[node name="CollisionShape3D" type="CollisionShape3D" parent="Armature_001/Skeleton3D/PhysicalBoneSimulator3D/Physical Bone TorsoUpper" index="0"]
transform = Transform3D(1, 0, 0, 0, 0, 1, 0, -1, 0, 0, 0, 0)
shape = SubResource("CapsuleShape3D_nyuax")

[node name="Physical Bone Neck" type="PhysicalBone3D" parent="Armature_001/Skeleton3D/PhysicalBoneSimulator3D" index="10"]
transform = Transform3D(1, 2.38121e-07, -6.97636e-13, -1.04803e-12, 1.47149e-06, -1, -2.38121e-07, 1, 1.47149e-06, 1.19252e-07, 1.73069, -0.033775)
collision_layer = 67108864
collision_mask = 67108865
joint_type = 2
joint_offset = Transform3D(1, 0, 0, 0, 1, 0, 0, 0, 1, -1.19219e-07, -0.000137995, 0.0541842)
body_offset = Transform3D(1, -2.96495e-10, -1.29163e-12, -1.31783e-12, 1.29174e-06, -1, 2.96438e-10, 1, 1.29268e-06, 1.19219e-07, 0.0541842, 0.000137925)
bone_name = "Neck"
joint_constraints/swing_span = 45.0
joint_constraints/twist_span = 15.0
joint_constraints/bias = 0.3
joint_constraints/softness = 0.8
joint_constraints/relaxation = 1.0

[node name="CollisionShape3D" type="CollisionShape3D" parent="Armature_001/Skeleton3D/PhysicalBoneSimulator3D/Physical Bone Neck" index="0"]
transform = Transform3D(1, -1.11022e-16, 2.84217e-14, 0, -2.32831e-10, 1, 0, -1, -4.65661e-10, 7.81597e-14, 0.0003276, -0.100048)
shape = SubResource("CapsuleShape3D_brmrl")

[node name="Physical Bone Shoulder_L" type="PhysicalBone3D" parent="Armature_001/Skeleton3D/PhysicalBoneSimulator3D" index="11"]
transform = Transform3D(-0.382075, 0.00451024, -0.92412, -0.924131, -0.00129999, 0.382074, 0.000521893, 0.999989, 0.00466474, 0.150325, 1.62175, -0.0343902)
collision_layer = 67108864
collision_mask = 67108865
joint_type = 2
joint_offset = Transform3D(1, 0, 0, 0, 1, 0, 0, 0, 1, -0.00159089, 8.34973e-06, 0.100708)
body_offset = Transform3D(1, -1.75964e-05, 9.87247e-05, 9.88185e-05, -8.84524e-07, -1, 1.75992e-05, 1, -8.82195e-07, 0.00158095, 0.100708, -8.23289e-06)
bone_name = "Shoulder.L"
joint_constraints/swing_span = 25.66
joint_constraints/twist_span = 0.0
joint_constraints/bias = 0.3
joint_constraints/softness = 0.8
joint_constraints/relaxation = 1.0

[node name="CollisionShape3D" type="CollisionShape3D" parent="Armature_001/Skeleton3D/PhysicalBoneSimulator3D/Physical Bone Shoulder_L" index="0"]
transform = Transform3D(1, 0, 0, 0, 0, 1, 0, -1, 0, 0, 0, 0)
shape = SubResource("CapsuleShape3D_rinsa")

[node name="Physical Bone ArmUpper_L" type="PhysicalBone3D" parent="Armature_001/Skeleton3D/PhysicalBoneSimulator3D" index="12"]
transform = Transform3D(0.0794059, -0.591394, 0.802464, -0.752614, 0.492297, 0.437283, -0.653657, -0.638668, -0.406, 0.115334, 1.55506, -0.0473297)
collision_layer = 67108864
collision_mask = 67108865
joint_type = 2
joint_offset = Transform3D(1, 0, 0, 0, 1, 0, 0, 0, 1, -0.0198694, -0.0702488, 0.111777)
body_offset = Transform3D(1, -0.00015384, -0.000578105, -0.000578254, -0.000307143, -1, 0.00015375, 1, -0.000307053, 0.0199232, 0.111744, 0.0702862)
bone_name = "ArmUpper.L"
joint_constraints/swing_span = 45.0
joint_constraints/twist_span = 15.0
joint_constraints/bias = 0.3
joint_constraints/softness = 0.8
joint_constraints/relaxation = 1.0

[node name="CollisionShape3D" type="CollisionShape3D" parent="Armature_001/Skeleton3D/PhysicalBoneSimulator3D/Physical Bone ArmUpper_L" index="0"]
transform = Transform3D(1, 0, 0, 0, 0, 1, 0, -1, 0, 0, 0, 0)
shape = SubResource("CapsuleShape3D_g61hy")

[node name="Physical Bone ArmLower_L" type="PhysicalBone3D" parent="Armature_001/Skeleton3D/PhysicalBoneSimulator3D" index="13"]
transform = Transform3D(0.406033, 0.91318, -0.0352159, -0.762776, 0.317431, -0.563391, -0.503299, 0.255617, 0.825439, 0.00535265, 1.44383, 0.0847827)
collision_layer = 67108864
collision_mask = 67108865
joint_type = 3
joint_offset = Transform3D(-1.02084e-05, 0, 1, 0, 1, 0, -2.82, 0, -3.61999e-06, -0.00844075, 0.00385079, -0.00430849)
joint_rotation = Vector3(0, 1.5708, 0)
body_offset = Transform3D(1, 1.59591e-05, 0.000397891, 0.00039804, -3.18438e-05, -1, -1.61678e-05, 1, -3.19034e-05, 0.0084424, -0.00430501, -0.00385106)
bone_name = "ArmLower.L"
joint_constraints/angular_limit_enabled = true
joint_constraints/angular_limit_upper = -84.08
joint_constraints/angular_limit_lower = -162.89
joint_constraints/angular_limit_bias = 0.3
joint_constraints/angular_limit_softness = 0.9
joint_constraints/angular_limit_relaxation = 1.0

[node name="CollisionShape3D" type="CollisionShape3D" parent="Armature_001/Skeleton3D/PhysicalBoneSimulator3D/Physical Bone ArmLower_L" index="0"]
transform = Transform3D(1, 0, 0, 0, 0, 1, 0, -1, 0, 0, 0, 0)
shape = SubResource("CapsuleShape3D_u4082")

[node name="Physical Bone Hand_L" type="PhysicalBone3D" parent="Armature_001/Skeleton3D/PhysicalBoneSimulator3D" index="14"]
transform = Transform3D(0.552791, -0.55304, -0.623353, -0.827518, -0.452427, -0.332451, -0.0981628, 0.699612, -0.707748, 0.0288788, 1.63611, -0.0700396)
collision_layer = 67108864
collision_mask = 67108865
joint_type = 2
joint_offset = Transform3D(1, 0, 0, 0, 1, 0, 0, 0, 1, -0.00767291, -0.0988149, 0.0980099)
body_offset = Transform3D(-0.990151, -0.0802359, -0.11473, -0.000204779, 0.820313, -0.571916, 0.140003, -0.566259, -0.81225, -0.00428116, 0.137111, 0.024728)
bone_name = "Hand.L"
joint_constraints/swing_span = 45.0
joint_constraints/twist_span = 15.0
joint_constraints/bias = 0.3
joint_constraints/softness = 0.8
joint_constraints/relaxation = 1.0

[node name="CollisionShape3D" type="CollisionShape3D" parent="Armature_001/Skeleton3D/PhysicalBoneSimulator3D/Physical Bone Hand_L" index="0"]
transform = Transform3D(0.981607, -0.183496, -0.0526944, 0.174608, 0.751291, 0.636454, -0.0771982, -0.633949, 0.769513, 0.00336871, 0.0239931, -0.00950283)
shape = SubResource("CapsuleShape3D_vmfvt")

[node name="Physical Bone Shoulder_R" type="PhysicalBone3D" parent="Armature_001/Skeleton3D/PhysicalBoneSimulator3D" index="15"]
transform = Transform3D(-0.381965, 0.00448343, 0.924166, 0.923889, -0.0230998, 0.381962, 0.0230606, 0.999723, 0.00468113, -0.150276, 1.6216, -0.0344484)
collision_layer = 67108864
collision_mask = 67108865
joint_type = 2
joint_offset = Transform3D(1, 0, 0, 0, 1, 0, 0, 0, 1, 0.00176256, 2.34e-05, 0.10072)
body_offset = Transform3D(1, 5.65127e-06, -0.00021943, -0.000219544, 2.06127e-05, -1, -5.64381e-06, 1, 2.06123e-05, -0.00174046, 0.10072, -2.54661e-05)
bone_name = "Shoulder.R"
joint_constraints/swing_span = 25.66
joint_constraints/twist_span = 0.0
joint_constraints/bias = 0.3
joint_constraints/softness = 0.8
joint_constraints/relaxation = 1.0

[node name="CollisionShape3D" type="CollisionShape3D" parent="Armature_001/Skeleton3D/PhysicalBoneSimulator3D/Physical Bone Shoulder_R" index="0"]
transform = Transform3D(1, 0, 0, 0, 0, 1, 0, -1, 0, 0, 0, 0)
shape = SubResource("CapsuleShape3D_20nmv")

[node name="Physical Bone ArmUpper_R" type="PhysicalBone3D" parent="Armature_001/Skeleton3D/PhysicalBoneSimulator3D" index="16"]
transform = Transform3D(-0.962795, 0.26519, 0.0519661, 0.121245, 0.252054, 0.960088, 0.241507, 0.930668, -0.27483, -0.253671, 1.46709, -0.00681568)
collision_layer = 67108864
collision_mask = 67108865
joint_type = 2
joint_offset = Transform3D(1, 0, 0, 0, 1, 0, 0, 0, 1, -0.000909286, 0.00574966, 0.120706)
body_offset = Transform3D(1, -0.000221223, -0.000139192, -0.000139229, -0.000447571, -1, 0.000221282, 1, -0.000447631, 0.000927359, 0.120708, -0.00569543)
bone_name = "ArmUpper.R"
joint_constraints/swing_span = 45.0
joint_constraints/twist_span = 15.0
joint_constraints/bias = 0.3
joint_constraints/softness = 0.8
joint_constraints/relaxation = 1.0

[node name="CollisionShape3D" type="CollisionShape3D" parent="Armature_001/Skeleton3D/PhysicalBoneSimulator3D/Physical Bone ArmUpper_R" index="0"]
transform = Transform3D(1, 0, 0, 0, 0, 1, 0, -1, 0, 0, 0, 0)
shape = SubResource("CapsuleShape3D_tthl5")

[node name="Physical Bone ArmLower_R" type="PhysicalBone3D" parent="Armature_001/Skeleton3D/PhysicalBoneSimulator3D" index="17"]
transform = Transform3D(-0.868585, -0.296697, -0.396902, -0.118453, 0.902041, -0.41508, 0.481175, -0.313518, -0.818644, -0.190284, 1.4401, 0.162729)
collision_layer = 67108864
collision_mask = 67108865
joint_type = 3
joint_offset = Transform3D(-1.02084e-05, 0, 1, 0, 1, 0, -2.82, 0, -3.61999e-06, 0.02141, -0.0688193, 0.18116)
joint_rotation = Vector3(0, 1.5708, 0)
body_offset = Transform3D(1, -0.000163853, -0.000528336, -0.000528246, -0.00092417, -1, 0.000163436, 1, -0.000924051, -0.0213256, 0.181108, 0.0689832)
bone_name = "ArmLower.R"
joint_constraints/angular_limit_enabled = true
joint_constraints/angular_limit_upper = -84.08
joint_constraints/angular_limit_lower = -162.89
joint_constraints/angular_limit_bias = 0.3
joint_constraints/angular_limit_softness = 0.9
joint_constraints/angular_limit_relaxation = 1.0

[node name="CollisionShape3D" type="CollisionShape3D" parent="Armature_001/Skeleton3D/PhysicalBoneSimulator3D/Physical Bone ArmLower_R" index="0"]
transform = Transform3D(1, 0, 0, 0, 0, 1, 0, -1, 0, 0, 0, 0)
shape = SubResource("CapsuleShape3D_metwr")

[node name="Physical Bone Hand_R" type="PhysicalBone3D" parent="Armature_001/Skeleton3D/PhysicalBoneSimulator3D" index="18"]
transform = Transform3D(0.990824, 0.135116, 0.0032661, 0.0429266, -0.291688, -0.95555, -0.128157, 0.946922, -0.294812, -0.119176, 1.4243, 0.337165)
collision_layer = 67108864
collision_mask = 67108865
joint_type = 2
joint_offset = Transform3D(1, 0, 0, 0, 1, 0, 0, 0, 1, 0.00141518, -0.00597734, -0.0228538)
body_offset = Transform3D(-0.992348, 0.0706673, 0.101252, -6.20708e-05, 0.819742, -0.572734, -0.123474, -0.568357, -0.813464, 0.00414075, -0.0081892, -0.0218133)
bone_name = "Hand.R"
joint_constraints/swing_span = 45.0
joint_constraints/twist_span = 15.0
joint_constraints/bias = 0.3
joint_constraints/softness = 0.8
joint_constraints/relaxation = 1.0

[node name="CollisionShape3D" type="CollisionShape3D" parent="Armature_001/Skeleton3D/PhysicalBoneSimulator3D/Physical Bone Hand_R" index="0"]
transform = Transform3D(0.985501, 0.166901, 0.0305316, -0.151705, 0.786176, 0.599094, 0.0759864, -0.595039, 0.800097, 0.00600952, 0.0529912, -0.0183179)
shape = SubResource("CapsuleShape3D_8s1m1")

[node name="Cylinder_001" parent="Armature_001/Skeleton3D" index="15"]
transform = Transform3D(0.0751781, 0.977356, -0.197796, 0.324637, 0.163563, 0.931589, 0.942846, -0.134247, -0.304989, 0.251217, 1.45469, 0.374017)
visible = false

[node name="Cylinder_001" parent="Armature_001/Skeleton3D/Cylinder_001" index="0"]
visible = false

[editable path="AnimationTree"]
[editable path="AnimationTree/player_model"]
