[gd_scene load_steps=26 format=3 uid="uid://b87lre0mdex5b"]

[ext_resource type="PackedScene" uid="uid://byoolwbycr4tk" path="res://player/models/player_model.glb" id="1_qsg40"]
[ext_resource type="Script" uid="uid://btd5vhgg6r4l0" path="res://enemies/scripts/enemy_skeleton_controller.gd" id="2_qsg40"]
[ext_resource type="PackedScene" uid="uid://cj7p8kb5is0qr" path="res://weapons/models/longsword_model.tscn" id="3_27k8n"]
[ext_resource type="PackedScene" uid="uid://411nf870j1o3" path="res://player/animations/humanoid_animation_tree.tscn" id="3_m8ild"]
[ext_resource type="Material" uid="uid://qyrv64vmclq2" path="res://player/models/player_model_mat_m.tres" id="4_ptfj4"]

[sub_resource type="CylinderMesh" id="CylinderMesh_qsg40"]
top_radius = 0.0
bottom_radius = 0.02
height = 0.1

[sub_resource type="StandardMaterial3D" id="StandardMaterial3D_qsg40"]
albedo_color = Color(0.903072, 0, 0.111692, 1)

[sub_resource type="CapsuleShape3D" id="CapsuleShape3D_27k8n"]
radius = 0.100079
height = 0.351076

[sub_resource type="BoxShape3D" id="BoxShape3D_m8ild"]
size = Vector3(0.02, 0.075, 0.964687)

[sub_resource type="CapsuleShape3D" id="CapsuleShape3D_ptfj4"]
radius = 0.078774
height = 0.486213

[sub_resource type="CapsuleShape3D" id="CapsuleShape3D_dgahw"]
radius = 0.0514638
height = 0.325685

[sub_resource type="CapsuleShape3D" id="CapsuleShape3D_wltam"]
radius = 0.0877419
height = 0.361851

[sub_resource type="CapsuleShape3D" id="CapsuleShape3D_8orkt"]
radius = 0.0738186
height = 0.486213

[sub_resource type="CapsuleShape3D" id="CapsuleShape3D_qrx1d"]
radius = 0.045178
height = 0.238938

[sub_resource type="CapsuleShape3D" id="CapsuleShape3D_lhxf1"]
radius = 0.184918
height = 0.381273

[sub_resource type="CapsuleShape3D" id="CapsuleShape3D_nyuax"]
radius = 0.192025
height = 0.38405

[sub_resource type="CapsuleShape3D" id="CapsuleShape3D_brmrl"]
radius = 0.118434
height = 0.298137

[sub_resource type="CapsuleShape3D" id="CapsuleShape3D_rinsa"]
radius = 0.0658708
height = 0.202505

[sub_resource type="CapsuleShape3D" id="CapsuleShape3D_g61hy"]
radius = 0.0683381
height = 0.31845

[sub_resource type="CapsuleShape3D" id="CapsuleShape3D_u4082"]
radius = 0.0568693
height = 0.356379

[sub_resource type="CapsuleShape3D" id="CapsuleShape3D_vmfvt"]
radius = 0.0322203
height = 0.157885

[sub_resource type="CapsuleShape3D" id="CapsuleShape3D_20nmv"]
radius = 0.0625521
height = 0.202505

[sub_resource type="CapsuleShape3D" id="CapsuleShape3D_tthl5"]
radius = 0.0649227
height = 0.31845

[sub_resource type="CapsuleShape3D" id="CapsuleShape3D_metwr"]
radius = 0.0603488
height = 0.356379

[sub_resource type="CapsuleShape3D" id="CapsuleShape3D_8s1m1"]
radius = 0.0354016
height = 0.152102

[node name="enemy_humanoid_model" node_paths=PackedStringArray("skeleton", "weapon") instance=ExtResource("1_qsg40")]
script = ExtResource("2_qsg40")
skeleton = NodePath("Armature_001/Skeleton3D")
weapon = NodePath("Armature_001/Skeleton3D/WeaponAttach/WeaponRT/WeaponHolder/longsword")

[node name="AnimationTree" parent="." index="0" instance=ExtResource("3_m8ild")]
root_node = NodePath("..")
anim_player = NodePath("../AnimationPlayer")

[node name="player_model" parent="AnimationTree" index="0"]
visible = false

[node name="Longsword" parent="AnimationTree/player_model/Armature_001/Skeleton3D" index="0"]
transform = Transform3D(0.202063, 0.944023, 0.242874, -0.890392, 0.24271, -0.0612904, -0.402045, -0.0968534, 0.407853, -0.33649, 2.04485, 0.441016)

[node name="Cube" parent="AnimationTree/player_model/Armature_001/Skeleton3D" index="1"]
transform = Transform3D(0.202063, 0.944023, 0.242874, -0.890392, 0.24271, -0.0612904, -0.402045, -0.0968534, 0.407853, -0.704645, 1.9502, 0.478788)

[node name="Cube_001" parent="AnimationTree/player_model/Armature_001/Skeleton3D" index="2"]
transform = Transform3D(0.202063, 0.944023, 0.242874, -0.890392, 0.24271, -0.0612904, -0.402045, -0.0968534, 0.407853, -0.421246, 2.02306, 0.449712)

[node name="Cylinder_001" parent="AnimationTree/player_model/Armature_001/Skeleton3D" index="3"]
transform = Transform3D(0.202063, 0.944023, 0.242874, -0.890392, 0.24271, -0.0612904, -0.402045, -0.0968534, 0.407853, -0.222429, 2.07418, 0.429314)

[node name="Skeleton3D" parent="Armature_001" index="0"]
modifier_callback_mode_process = 0
bones/0/position = Vector3(2.64698e-22, 0.867991, -0.0355277)
bones/0/rotation = Quaternion(-2.98023e-08, 1.19209e-07, -2.57366e-29, 1)
bones/1/rotation = Quaternion(0.00331661, -0.118483, 0.992781, -0.0183246)
bones/2/rotation = Quaternion(-0.100081, 0.000515297, -0.00976455, 0.994931)
bones/3/rotation = Quaternion(0.677253, -0.0466252, 0.0640679, 0.731471)
bones/4/rotation = Quaternion(0.252633, -0.0447394, 0.00260307, 0.966524)
bones/5/position = Vector3(-0.134036, -0.00773424, -6.76297e-08)
bones/5/rotation = Quaternion(-0.00175712, 0.344293, 0.93809, 0.0380261)
bones/6/rotation = Quaternion(-0.402345, 0.00457574, 0.0417423, 0.914524)
bones/7/rotation = Quaternion(0.811368, 0.0673783, -0.0376144, 0.579419)
bones/8/rotation = Quaternion(0.0210848, -0.0029457, -0.0167279, 0.999633)
bones/9/rotation = Quaternion(0.707107, -3.09086e-08, 1.37679e-07, 0.707107)
bones/11/rotation = Quaternion(0.00288137, 3.59366e-15, 6.86971e-10, 0.999996)
bones/12/rotation = Quaternion(-0.00288137, -1.77226e-14, -6.86971e-10, 0.999996)
bones/13/rotation = Quaternion(0.0066188, -1.19207e-07, 7.89012e-10, 0.999978)
bones/14/rotation = Quaternion(-0.00310769, -0.000596304, -0.831314, 0.555794)
bones/15/rotation = Quaternion(0.230779, -0.0425806, -0.619704, 0.748929)
bones/16/rotation = Quaternion(0.524138, -0.00363761, -0.400139, 0.751768)
bones/17/rotation = Quaternion(0.117446, 0.421534, 0.518244, 0.734805)
bones/18/rotation = Quaternion(0.401598, -0.0210936, -0.288497, 0.868933)
bones/19/rotation = Quaternion(-0.15803, -0.0083817, -0.024376, 0.987098)
bones/20/position = Vector3(0.00269278, 0.0976004, 0.0355213)
bones/20/rotation = Quaternion(-0.051715, 0.0591904, -0.276731, 0.957727)
bones/21/rotation = Quaternion(-0.0170233, -0.0118632, -0.571483, 0.820351)
bones/22/rotation = Quaternion(0.0235423, 0.0155574, -0.54257, 0.839536)
bones/23/position = Vector3(0.0117453, 0.103073, 0.00663473)
bones/23/rotation = Quaternion(0.0556915, 0.0275164, -0.530165, 0.845616)
bones/24/rotation = Quaternion(-0.0145595, -0.0162394, -0.730792, 0.682251)
bones/25/rotation = Quaternion(-0.00118009, -0.00130108, -0.740667, 0.67187)
bones/26/position = Vector3(0.00881499, 0.101805, -0.0159811)
bones/26/rotation = Quaternion(-0.0341792, -0.0219976, -0.573537, 0.818171)
bones/27/rotation = Quaternion(0.0058023, 0.00697786, -0.739671, 0.672907)
bones/28/rotation = Quaternion(0.0306149, 0.0384238, -0.695152, 0.717182)
bones/29/position = Vector3(0.0079592, 0.0811148, -0.0403388)
bones/29/rotation = Quaternion(-0.00465023, -0.0762163, -0.325104, 0.942591)
bones/30/rotation = Quaternion(-0.00208329, -0.00394899, -0.758146, 0.652069)
bones/31/rotation = Quaternion(0.00568066, 0.009975, -0.706536, 0.707584)
bones/32/rotation = Quaternion(0.00669007, -0.00595437, 0.831293, 0.555762)
bones/33/rotation = Quaternion(0.166902, 0.18681, 0.422953, 0.870836)
bones/34/rotation = Quaternion(0.659391, 0.0193929, 0.494773, 0.565709)
bones/35/rotation = Quaternion(-0.0797653, -0.106561, -0.294263, 0.94641)
bones/36/rotation = Quaternion(0.547824, -0.459674, 0.185082, 0.674042)
bones/37/rotation = Quaternion(-0.0513861, 0.0217989, -0.0298301, 0.997995)
bones/38/rotation = Quaternion(0.0945015, -0.0637419, 0.612635, 0.782103)
bones/39/rotation = Quaternion(-0.0172347, 0.0113866, 0.551262, 0.834077)
bones/40/rotation = Quaternion(0.0240744, -0.0156118, 0.535359, 0.844137)
bones/41/rotation = Quaternion(0.0524388, -0.0347793, 0.610583, 0.789449)
bones/42/rotation = Quaternion(-0.0181599, 0.0126527, 0.533018, 0.845814)
bones/43/rotation = Quaternion(-0.00150706, 0.000902111, 0.513616, 0.858019)
bones/44/rotation = Quaternion(-0.0292981, 0.0259365, 0.679017, 0.733079)
bones/45/rotation = Quaternion(0.00640926, -0.00664657, 0.543514, 0.839349)
bones/46/rotation = Quaternion(0.0394447, -0.0272703, 0.456117, 0.888627)
bones/47/rotation = Quaternion(-0.0820463, 0.0780851, 0.725637, 0.678692)
bones/48/rotation = Quaternion(-0.0026592, 0.00304384, 0.566881, 0.82379)
bones/49/rotation = Quaternion(0.00746816, -0.00756586, 0.470386, 0.882397)
bones/51/position = Vector3(-0.130513, 0.355731, 0.172972)
bones/51/rotation = Quaternion(0.069566, 0.982666, -0.152595, -0.079018)
bones/51/scale = Vector3(0.429708, 1, 0.999587)
bones/58/position = Vector3(0.153394, 0.0693142, -0.326679)
bones/58/rotation = Quaternion(0.00479742, -0.707091, 0.707091, -0.00479742)
bones/59/position = Vector3(-0.153436, 0.104484, 0.136945)
bones/59/rotation = Quaternion(0.00458585, 0.707092, -0.707092, -0.00458585)
bones/60/rotation = Quaternion(-0.0126777, 0.706993, 0.706993, -0.0126777)
bones/61/position = Vector3(-0.146956, 0.512624, 0.774651)
bones/62/position = Vector3(-0.0816265, 1.42326, 0.315249)
bones/62/scale = Vector3(0.430657, 1, 0.998697)
bones/64/position = Vector3(-0.320898, 1.28422, -0.446731)

[node name="Longsword" parent="Armature_001/Skeleton3D" index="0"]
transform = Transform3D(-0.121292, 0.272192, -0.361147, -0.451154, -0.858005, -0.215564, -0.881485, 0.386272, 0.22846, -0.0719626, 2.14669, 0.558885)
visible = false

[node name="TorsoIK" type="LookAtModifier3D" parent="Armature_001/Skeleton3D" index="1"]
transform = Transform3D(1, -7.62281e-10, 2.38418e-07, 3.81134e-10, 0.999999, 0.00159865, -2.38419e-07, -0.00159865, 0.999999, -1.49411e-15, 1.09488, -0.0355278)
target_node = NodePath("TorsoTarget")
bone_name = "TorsoRotator"
bone = 9
forward_axis = 2
primary_rotation_axis = 0

[node name="TorsoTarget" type="Marker3D" parent="Armature_001/Skeleton3D/TorsoIK" index="0"]
transform = Transform3D(1, 2.77556e-17, 0, 2.77556e-17, 1, 1.16415e-10, 0, -1.16415e-10, 1, -3.61351e-07, -0.00242293, 1.51561)

[node name="FPHeadStretch_RT" type="RemoteTransform3D" parent="Armature_001/Skeleton3D/TorsoIK" index="1"]
transform = Transform3D(1, 1.37392e-09, 8.28493e-12, -1.37395e-09, 0.999983, 0.00576271, -4.68958e-13, -0.00576271, 0.999983, 3.53318e-08, 0.62505, -0.146194)
remote_path = NodePath("../../FPHeadOverride")

[node name="WeaponRotator" type="Node3D" parent="Armature_001/Skeleton3D/TorsoIK" index="2"]
transform = Transform3D(0.999985, 0.0053968, 0.000748251, -0.00540192, 0.99996, 0.00701469, -0.000710366, -0.00701863, 0.999975, -1.60167e-10, 0.589979, 0.00161442)

[node name="WeaponRotatorTarget" type="Marker3D" parent="Armature_001/Skeleton3D/TorsoIK/WeaponRotator" index="0"]
transform = Transform3D(1, 0, 0, 0, 1, 0, 0, 0, 1, 0, -1.5, 0)

[node name="NeckRotator" type="Node3D" parent="Armature_001/Skeleton3D/TorsoIK" index="3"]
transform = Transform3D(1, 1.25116e-17, 4.74338e-20, -8.01214e-18, 1, 1.16415e-10, -3.81165e-20, 0, 1, -1.60159e-10, 0.592355, -0.0329697)

[node name="NeckTarget" type="Marker3D" parent="Armature_001/Skeleton3D/TorsoIK/NeckRotator" index="0"]
transform = Transform3D(1, 0, 0, 4.43734e-30, 1, 0, 0, 0, 1, 0, 0, 1.45247)

[node name="HeadRotator" type="Node3D" parent="Armature_001/Skeleton3D/TorsoIK/NeckRotator" index="1"]
transform = Transform3D(1, 3.8114e-10, -7.10543e-14, -3.81139e-10, 0.999998, 0.00167525, 6.11067e-13, -0.00167524, 0.999999, 4.12586e-11, 0.105876, 0.0344033)

[node name="CameraRT" type="RemoteTransform3D" parent="Armature_001/Skeleton3D/TorsoIK/NeckRotator/HeadRotator" index="0"]
transform = Transform3D(-0.98607, -0.165536, -0.0162441, -0.163655, 0.983014, -0.083052, 0.0297163, -0.0792362, -0.996412, -0.0297484, 0.071686, 0.187486)
update_rotation = false
update_scale = false

[node name="HeadTarget" type="Marker3D" parent="Armature_001/Skeleton3D/TorsoIK/NeckRotator/HeadRotator" index="1"]
transform = Transform3D(1, 0, 0, 0, 1, 0, -6.93889e-18, 0, 1, 5.55112e-17, 0.0274643, 1.45247)

[node name="TorsoCollisionRT" type="RemoteTransform3D" parent="Armature_001/Skeleton3D/TorsoIK" index="4"]
transform = Transform3D(1, 3.81133e-10, -2.38419e-07, -7.62282e-10, 0.999999, -0.00159865, 2.38418e-07, 0.00159865, 0.999999, -8.32571e-09, 0.379813, 0.036135)

[node name="WeaponRotatorIK" type="LookAtModifier3D" parent="Armature_001/Skeleton3D" index="2"]
transform = Transform3D(1, 1.38053e-18, 3.43545e-20, 0, 0.998762, 0.0497388, 2.77556e-17, -0.0497388, 0.998762, -2.24992e-10, 1.68486, -0.0348566)
target_node = NodePath("../TorsoIK/WeaponRotator/WeaponRotatorTarget")
bone_name = "WeaponHolderRotator"
bone = 50
primary_rotation_axis = 0

[node name="NeckIK" type="LookAtModifier3D" parent="Armature_001/Skeleton3D" index="3"]
transform = Transform3D(1, 0, 0, 0, 1, 0, 0, 0, 1, 0, 1.72407, 0.0846984)
target_node = NodePath("../TorsoIK/NeckRotator/NeckTarget")
bone_name = "Neck"
bone = 12
primary_rotation_axis = 0

[node name="HeadIK" type="LookAtModifier3D" parent="Armature_001/Skeleton3D" index="4"]
transform = Transform3D(1, 0, 0, 0, 1, 0, 0, 0, 1, 0, 1.75154, 0)
target_node = NodePath("../TorsoIK/NeckRotator/HeadRotator/HeadTarget")
bone_name = "Head"
bone = 13
primary_rotation_axis = 0

[node name="CameraAttach" type="BoneAttachment3D" parent="Armature_001/Skeleton3D" index="5"]
transform = Transform3D(1, -5.3375e-09, 2.3703e-07, -2.59828e-09, 0.99944, 0.0334675, -2.37076e-07, -0.0334675, 0.99944, -9.64848e-11, 1.77647, -0.0419968)
bone_name = "Head"
bone_idx = 13

[node name="PlaceHolderHorn" type="MeshInstance3D" parent="Armature_001/Skeleton3D/CameraAttach" index="0"]
transform = Transform3D(0.866025, -0.5, -2.38417e-07, 0.499877, 0.865812, -0.0221949, 0.0110976, 0.0192212, 0.999754, -0.0879654, 0.216415, 0.0390813)
mesh = SubResource("CylinderMesh_qsg40")
skeleton = NodePath("../../HeadIK")
surface_material_override/0 = SubResource("StandardMaterial3D_qsg40")

[node name="PlaceHolderHorn2" type="MeshInstance3D" parent="Armature_001/Skeleton3D/CameraAttach" index="1"]
transform = Transform3D(0.866025, 0.5, -2.38417e-07, -0.499877, 0.865812, -0.0221949, -0.0110972, 0.0192214, 0.999754, 0.088, 0.216616, 0.0390858)
mesh = SubResource("CylinderMesh_qsg40")
skeleton = NodePath("../../HeadIK")
surface_material_override/0 = SubResource("StandardMaterial3D_qsg40")

[node name="WeaponAttach" type="BoneAttachment3D" parent="Armature_001/Skeleton3D" index="6"]
transform = Transform3D(-0.420491, 0.1143, -0.171319, -0.0544515, 0.321987, 0.937838, 0.069795, 0.939819, -0.300472, -0.131455, 1.50041, 0.317467)
bone_name = "HandIK.R"
bone_idx = 51

[node name="WeaponRT" type="RemoteTransform3D" parent="Armature_001/Skeleton3D/WeaponAttach" index="0"]
transform = Transform3D(0.689169, 0.0815617, -0.719995, -0.723882, 0.0332636, -0.689121, -0.0322563, 0.996113, 0.0819653, -0.00158573, 0.0329829, 0.0161717)

[node name="FirstPersonOffset" type="Node3D" parent="Armature_001/Skeleton3D/WeaponAttach/WeaponRT" index="0"]
transform = Transform3D(0.999967, 0.00805518, 0.00126484, -0.00806044, 0.999959, 0.00419037, -0.00123098, -0.00420044, 0.999991, -0.0575444, 0.135319, -0.105339)

[node name="WeaponHolder" type="Node3D" parent="Armature_001/Skeleton3D/WeaponAttach/WeaponRT" index="1"]
transform = Transform3D(0.736381, -0.0448623, -0.675079, 1.11759e-08, 0.997799, -0.0663088, 0.676568, 0.0488285, 0.73476, -0.0362854, 0.0537172, 0.00370161)

[node name="HandIKTarget_R" type="Marker3D" parent="Armature_001/Skeleton3D/WeaponAttach/WeaponRT/WeaponHolder" index="0"]
transform = Transform3D(-0.179606, -0.973935, 0.138544, -0.0397341, 0.1479, 0.988204, -0.982936, 0.171982, -0.0652625, 0.0660651, -0.0685303, -0.0210091)

[node name="HandIKTarget_L" type="Marker3D" parent="Armature_001/Skeleton3D/WeaponAttach/WeaponRT/WeaponHolder" index="1"]
transform = Transform3D(-0.208498, -0.977033, -0.0440257, -0.00389568, -0.0441853, 0.999016, -0.978015, 0.208464, 0.00540628, 0.096892, -0.148744, 0.00965346)

[node name="longsword" parent="Armature_001/Skeleton3D/WeaponAttach/WeaponRT/WeaponHolder" index="2" instance=ExtResource("3_27k8n")]

[node name="FPHeadOverride" type="BoneAttachment3D" parent="Armature_001/Skeleton3D" index="7"]
transform = Transform3D(1, -9.4075e-10, 2.37304e-07, -2.60551e-09, 0.999888, 0.0149436, -2.37292e-07, -0.0149436, 0.999888, 5.35276e-12, 1.66823, -0.0403791)
bone_name = "Neck"
bone_idx = 12

[node name="Cube" parent="Armature_001/Skeleton3D" index="8"]
transform = Transform3D(-0.121292, 0.272192, -0.361147, -0.451154, -0.858005, -0.215564, -0.881485, 0.386272, 0.22846, -0.178113, 2.4813, 0.408245)
visible = false

[node name="Cube" parent="Armature_001/Skeleton3D/Cube" index="0"]
visible = false

[node name="Cube_001" parent="Armature_001/Skeleton3D" index="9"]
transform = Transform3D(-0.121292, 0.272192, -0.361147, -0.451154, -0.858005, -0.215564, -0.881485, 0.386272, 0.22846, -0.0964005, 2.22373, 0.524205)
visible = false

[node name="Cylinder_001" parent="Armature_001/Skeleton3D" index="10"]
transform = Transform3D(-0.121292, 0.272192, -0.361147, -0.451154, -0.858005, -0.215564, -0.881485, 0.386272, 0.22846, -0.039075, 2.04303, 0.605556)
visible = false

[node name="Cylinder_001" parent="Armature_001/Skeleton3D/Cylinder_001" index="0"]
visible = false

[node name="Cube_004" parent="Armature_001/Skeleton3D" index="11"]
layers = 2
surface_material_override/0 = ExtResource("4_ptfj4")

[node name="HandIK_R" type="SkeletonIK3D" parent="Armature_001/Skeleton3D" index="12"]
transform = Transform3D(1, 0, 0, 0, 1, 0, 0, 0, 1, -0.152794, 1.17006, 0.397446)
root_bone = &"ArmUpper.R"
tip_bone = &"Hand.R"
target_node = NodePath("../WeaponAttach/WeaponRT/WeaponHolder/HandIKTarget_R")
min_distance = 0.001
max_iterations = 20

[node name="HandIK_L" type="SkeletonIK3D" parent="Armature_001/Skeleton3D" index="13"]
transform = Transform3D(1, 0, 0, 0, 1, 0, 0, 0, 1, -0.152794, 1.17006, 0.397446)
root_bone = &"ArmUpper.L"
tip_bone = &"Hand.L"
target_node = NodePath("../WeaponAttach/WeaponRT/WeaponHolder/HandIKTarget_L")
min_distance = 0.001
max_iterations = 20

[node name="PhysicalBoneSimulator3D" type="PhysicalBoneSimulator3D" parent="Armature_001/Skeleton3D" index="14"]

[node name="Physical Bone LegUpper_L" type="PhysicalBone3D" parent="Armature_001/Skeleton3D/PhysicalBoneSimulator3D" index="0"]
transform = Transform3D(-0.999306, 0.0109203, -0.0356259, -0.0371948, -0.234933, 0.9713, 0.00223722, 0.97195, 0.235176, 0.14048, 0.684439, -0.0781424)
collision_layer = 67108864
collision_mask = 67108865
joint_type = 2
joint_offset = Transform3D(0.999998, 0, 0, 0, 0.707104, -0.707103, 0, 0.707104, 0.707103, -4.88456e-06, 4.33658e-05, 0.181024)
joint_rotation = Vector3(0.785398, 0, 0)
body_offset = Transform3D(0.999999, 1.64611e-07, 2.50073e-05, 2.50094e-05, -0.00020732, -1, -1.57394e-07, 0.999998, -0.00020729, 3.57628e-07, 0.181024, -5.84126e-06)
bone_name = "LegUpper.L"
joint_constraints/swing_span = 45.0
joint_constraints/twist_span = 0.0
joint_constraints/bias = 0.3
joint_constraints/softness = 0.8
joint_constraints/relaxation = 1.0

[node name="CollisionShape3D" type="CollisionShape3D" parent="Armature_001/Skeleton3D/PhysicalBoneSimulator3D/Physical Bone LegUpper_L" index="0"]
transform = Transform3D(1, 0, 0, 0, 0, 1, 0, -1, 0, 0, 0, 0)
shape = SubResource("CapsuleShape3D_27k8n")

[node name="Weapon" type="PhysicalBone3D" parent="Armature_001/Skeleton3D/PhysicalBoneSimulator3D" index="1"]
transform = Transform3D(-0.97854, -0.171453, -0.114295, -0.126734, 0.938133, -0.322248, 0.162474, -0.300848, -0.93973, -0.130305, 1.54811, 0.36747)
collision_layer = 0
joint_type = 2
joint_offset = Transform3D(1, 0, 0, 0, 1, 0, 0, 0, 1, -0.000953908, -0.0295065, 0.0624915)
body_offset = Transform3D(2.32716, 7.5087e-05, 9.9659e-05, 4.28259e-05, -0.000273407, -1, -3.23094e-05, 1.00041, -0.000273436, 0.00221588, 0.0624835, 0.0295358)
bone_name = "HandIK.R"
joint_constraints/swing_span = 45.0
joint_constraints/twist_span = 15.0
joint_constraints/bias = 0.3
joint_constraints/softness = 0.8
joint_constraints/relaxation = 1.0

[node name="CollisionShape3D" type="CollisionShape3D" parent="Armature_001/Skeleton3D/PhysicalBoneSimulator3D/Weapon" index="0"]
transform = Transform3D(0.999997, -1.84809e-09, -1.55181e-07, 5.01336e-09, 4.00469e-08, 0.999997, 7.27596e-10, -1, -2.79397e-09, 0.0109302, 0.407916, -0.00272274)
shape = SubResource("BoxShape3D_m8ild")

[node name="Physical Bone Pelvis" type="PhysicalBone3D" parent="Armature_001/Skeleton3D/PhysicalBoneSimulator3D" index="2"]
transform = Transform3D(1, 2.37569e-07, 9.9921e-06, 9.99213e-06, -0.000121828, -1, -2.36352e-07, 1, -0.000121828, -3.25491e-11, 1.07809, -0.000136886)
collision_layer = 67108864
collision_mask = 67108865
joint_type = 1
joint_offset = Transform3D(1, 0, 0, 0, 1, 0, 0, 0, 1, -2.09097e-06, -0.0353653, 0.210107)
body_offset = Transform3D(1, -8.49354e-10, 9.99213e-06, 9.99213e-06, -0.000121888, -1, 2.0673e-09, 1, -0.000121888, -8.47039e-09, 0.210103, 0.0353909)
bone_name = "Hip"
joint_constraints/bias = 0.3
joint_constraints/damping = 1.0
joint_constraints/impulse_clamp = 0.0

[node name="CollisionShape3D" type="CollisionShape3D" parent="Armature_001/Skeleton3D/PhysicalBoneSimulator3D/Physical Bone Pelvis" index="0"]
transform = Transform3D(1, 0, 0, 0, 0, 1, 0, -1, 0, 0, 0, 0)
shape = SubResource("CapsuleShape3D_27k8n")

[node name="Physical Bone LegLower_L" type="PhysicalBone3D" parent="Armature_001/Skeleton3D/PhysicalBoneSimulator3D" index="3"]
transform = Transform3D(-0.999801, 0.0148216, -0.0133877, -0.0184104, -0.424018, 0.905467, 0.00774387, 0.905532, 0.424206, 0.150178, 0.288757, -0.2238)
collision_layer = 67108864
collision_mask = 67108865
joint_type = 3
joint_offset = Transform3D(-1.02084e-05, 0, 1, 0, 1, 0, -2.82, 0, -3.61999e-06, 6.3208e-06, 7.2939e-06, 0.243029)
joint_rotation = Vector3(0, 1.5708, 0)
body_offset = Transform3D(0.999999, -4.11645e-07, 1.11526e-07, 7.33417e-08, 7.77543e-05, -1, 4.00934e-07, 0.999998, 7.69198e-05, -6.34789e-06, 0.243029, -2.59876e-05)
bone_name = "LegLower.L"
joint_constraints/angular_limit_enabled = false
joint_constraints/angular_limit_upper = 0.0
joint_constraints/angular_limit_lower = -123.51
joint_constraints/angular_limit_bias = 0.3
joint_constraints/angular_limit_softness = 0.9
joint_constraints/angular_limit_relaxation = 1.0

[node name="CollisionShape3D" type="CollisionShape3D" parent="Armature_001/Skeleton3D/PhysicalBoneSimulator3D/Physical Bone LegLower_L" index="0"]
transform = Transform3D(1, 0, 0, 0, 0, 1, 0, -1, 0, 0, 0, 0)
shape = SubResource("CapsuleShape3D_ptfj4")

[node name="Physical Bone Foot_L" type="PhysicalBone3D" parent="Armature_001/Skeleton3D/PhysicalBoneSimulator3D" index="4"]
transform = Transform3D(-0.984482, -0.0307625, -0.172771, -0.111755, 0.868973, 0.482076, 0.135303, 0.493903, -0.858925, 0.164835, 0.0366993, -0.270163)
collision_layer = 67108864
collision_mask = 67108865
joint_type = 2
joint_offset = Transform3D(1, 0, 0, 0, 1, 0, 0, 0, 1, -7.65443e-06, -9.82943e-06, 0.0660723)
body_offset = Transform3D(0.999999, 2.77311e-05, 0.000331007, 0.000330724, 9.42051e-05, -0.999998, -2.79322e-05, 1, 9.5427e-05, -1.42157e-05, 0.0660722, 3.52412e-06)
bone_name = "Foot.L"
joint_constraints/swing_span = 45.0
joint_constraints/twist_span = 15.0
joint_constraints/bias = 0.3
joint_constraints/softness = 0.8
joint_constraints/relaxation = 1.0

[node name="CollisionShape3D" type="CollisionShape3D" parent="Armature_001/Skeleton3D/PhysicalBoneSimulator3D/Physical Bone Foot_L" index="0"]
transform = Transform3D(1, 0, -8.08504e-08, 7.85221e-08, 6.51926e-09, 1, 2.98023e-08, -1, 7.45058e-09, 0.010332, 0.00028073, -0.066387)
shape = SubResource("CapsuleShape3D_dgahw")

[node name="Physical Bone LegUpper_R" type="PhysicalBone3D" parent="Armature_001/Skeleton3D/PhysicalBoneSimulator3D" index="5"]
transform = Transform3D(-0.997098, 0.0229003, 0.0726044, 0.0701793, 0.646126, 0.759997, -0.0295075, 0.762887, -0.645858, -0.147173, 0.722789, 0.0812405)
visible = false
collision_layer = 67108864
collision_mask = 67108865
joint_type = 2
joint_offset = Transform3D(0.999998, 0, 0, 0, 0.707105, -0.707104, 0, 0.707105, 0.707104, -5.71557e-06, 4.16971e-05, 0.180845)
joint_rotation = Vector3(0.785398, 0, 0)
body_offset = Transform3D(0.999999, -8.96677e-06, -5.21913e-05, -5.21932e-05, -4.92334e-05, -1, 8.9705e-06, 0.999998, -4.9293e-05, 1.51545e-05, 0.180845, -3.27826e-05)
bone_name = "LegUpper.R"
joint_constraints/swing_span = 45.0
joint_constraints/twist_span = 0.0
joint_constraints/bias = 0.3
joint_constraints/softness = 0.8
joint_constraints/relaxation = 1.0

[node name="CollisionShape3D" type="CollisionShape3D" parent="Armature_001/Skeleton3D/PhysicalBoneSimulator3D/Physical Bone LegUpper_R" index="0"]
transform = Transform3D(1, 0, 0, 0, 0, 1, 0, -1, 0, 0, 0, 0)
shape = SubResource("CapsuleShape3D_wltam")

[node name="Physical Bone LegLower_R" type="PhysicalBone3D" parent="Armature_001/Skeleton3D/PhysicalBoneSimulator3D" index="6"]
transform = Transform3D(-0.999818, -0.0127943, -0.0141562, -0.0124517, -0.124678, 0.992119, -0.0144584, 0.992115, 0.124496, -0.156864, 0.343992, 0.167896)
collision_layer = 67108864
collision_mask = 67108865
joint_type = 3
joint_offset = Transform3D(-1.02084e-05, 0, 1, 0, 1, 0, -2.82, 0, -3.61999e-06, -1.6053e-05, -5.49789e-06, 0.243162)
joint_rotation = Vector3(0, 1.5708, 0)
body_offset = Transform3D(0.999999, 3.67872e-07, 1.82772e-08, 5.20376e-08, 0.000188738, -0.999999, -1.79745e-07, 0.999999, 0.000186414, 1.60486e-05, 0.243162, -3.98308e-05)
bone_name = "LegLower.R"
joint_constraints/angular_limit_enabled = true
joint_constraints/angular_limit_upper = 0.0
joint_constraints/angular_limit_lower = -123.51
joint_constraints/angular_limit_bias = 0.3
joint_constraints/angular_limit_softness = 0.9
joint_constraints/angular_limit_relaxation = 1.0

[node name="CollisionShape3D" type="CollisionShape3D" parent="Armature_001/Skeleton3D/PhysicalBoneSimulator3D/Physical Bone LegLower_R" index="0"]
transform = Transform3D(1, 0, 0, 0, 0, 1, 0, -1, 0, 0, 0, 0)
shape = SubResource("CapsuleShape3D_8orkt")

[node name="Physical Bone Foot_R" type="PhysicalBone3D" parent="Armature_001/Skeleton3D/PhysicalBoneSimulator3D" index="7"]
transform = Transform3D(-0.985135, -0.0263379, 0.169751, -0.0603475, 0.978254, -0.198438, -0.160834, -0.205733, -0.965301, -0.164624, 0.115974, 0.201508)
collision_layer = 67108864
collision_mask = 67108865
joint_type = 2
joint_offset = Transform3D(1, 0, 0, 0, 1, 0, 0, 0, 1, 1.87304e-06, -1.51191e-05, 0.0660819)
body_offset = Transform3D(0.999999, 5.86435e-05, -0.000374466, -0.000374049, 0.000172406, -0.999998, -5.84126e-05, 0.999999, 0.000174224, 2.28733e-05, 0.0660818, 3.60608e-06)
bone_name = "Foot.R"
joint_constraints/swing_span = 45.0
joint_constraints/twist_span = 15.0
joint_constraints/bias = 0.3
joint_constraints/softness = 0.8
joint_constraints/relaxation = 1.0

[node name="CollisionShape3D" type="CollisionShape3D" parent="Armature_001/Skeleton3D/PhysicalBoneSimulator3D/Physical Bone Foot_R" index="0"]
transform = Transform3D(1, 0, 0, 0, 0, 1, 0, -1, 0, 0, 0, 0)
shape = SubResource("CapsuleShape3D_qrx1d")

[node name="Physical Bone TorsoLower" type="PhysicalBone3D" parent="Armature_001/Skeleton3D/PhysicalBoneSimulator3D" index="8"]
transform = Transform3D(1, 2.35857e-07, -9.30478e-12, -2.59409e-09, 0.0109591, -0.99994, -2.35843e-07, 0.99994, 0.0109591, 1.24357e-10, 1.25369, -0.0372179)
collision_layer = 67108864
collision_mask = 67108865
joint_type = 2
joint_offset = Transform3D(1, 0, 0, 0, 1, 0, 0, 0, 1, -6.79227e-11, -0.000232445, 0.175431)
body_offset = Transform3D(1, -2.56104e-09, -5.55112e-15, -3.21965e-14, -7.96281e-07, -1, 2.56099e-09, 1, -7.96281e-07, 6.73284e-11, 0.175431, 0.000232585)
bone_name = "TorsoLower"
joint_constraints/swing_span = 45.0
joint_constraints/twist_span = 15.0
joint_constraints/bias = 0.3
joint_constraints/softness = 0.8
joint_constraints/relaxation = 1.0

[node name="CollisionShape3D" type="CollisionShape3D" parent="Armature_001/Skeleton3D/PhysicalBoneSimulator3D/Physical Bone TorsoLower" index="0"]
transform = Transform3D(1, 0, 0, 0, 0, 1, 0, -1, 0, 0, 0, 0)
shape = SubResource("CapsuleShape3D_lhxf1")

[node name="Physical Bone TorsoUpper" type="PhysicalBone3D" parent="Armature_001/Skeleton3D/PhysicalBoneSimulator3D" index="9"]
transform = Transform3D(1, 2.3786e-07, -1.27609e-11, -1.24899e-09, 0.00519728, -0.999986, -2.37857e-07, 0.999986, 0.00519728, 2.50175e-12, 1.52793, -0.0396557)
collision_layer = 67108864
collision_mask = 67108865
joint_type = 2
joint_offset = Transform3D(1, 0, 0, 0, 1, 0, 0, 0, 1, 6.89782e-13, 5.86245e-06, 0.139929)
body_offset = Transform3D(1, -5.58146e-10, -3.63032e-12, -3.65441e-12, -9.77889e-08, -1, 5.58117e-10, 1, -9.82545e-08, -1.78524e-13, 0.139929, -5.84871e-06)
bone_name = "TorsoUpper"
joint_constraints/swing_span = 45.0
joint_constraints/twist_span = 15.0
joint_constraints/bias = 0.3
joint_constraints/softness = 0.8
joint_constraints/relaxation = 1.0

[node name="CollisionShape3D" type="CollisionShape3D" parent="Armature_001/Skeleton3D/PhysicalBoneSimulator3D/Physical Bone TorsoUpper" index="0"]
transform = Transform3D(1, 0, 0, 0, 0, 1, 0, -1, 0, 0, 0, 0)
shape = SubResource("CapsuleShape3D_nyuax")

[node name="Physical Bone Neck" type="PhysicalBone3D" parent="Armature_001/Skeleton3D/PhysicalBoneSimulator3D" index="10"]
transform = Transform3D(1, 2.37297e-07, 9.40435e-10, -2.60567e-09, 0.0149433, -0.999888, -2.37284e-07, 0.999888, 0.0149433, -1.85293e-10, 1.72229, -0.0410968)
collision_layer = 67108864
collision_mask = 67108865
joint_type = 2
joint_offset = Transform3D(1, 0, 0, 0, 1, 0, 0, 0, 1, 1.61213e-10, -9.02436e-05, 0.0540678)
body_offset = Transform3D(1, -7.74492e-12, -2.50466e-13, -2.74891e-13, -2.71015e-07, -1, 7.7307e-12, 1, -2.70084e-07, -1.612e-10, 0.0540679, 9.02582e-05)
bone_name = "Neck"
joint_constraints/swing_span = 45.0
joint_constraints/twist_span = 15.0
joint_constraints/bias = 0.3
joint_constraints/softness = 0.8
joint_constraints/relaxation = 1.0

[node name="CollisionShape3D" type="CollisionShape3D" parent="Armature_001/Skeleton3D/PhysicalBoneSimulator3D/Physical Bone Neck" index="0"]
transform = Transform3D(1, -1.11022e-16, 2.84217e-14, 0, -2.32831e-10, 1, 0, -1, -4.65661e-10, 7.81597e-14, 0.0003276, -0.100048)
shape = SubResource("CapsuleShape3D_brmrl")

[node name="Physical Bone Shoulder_L" type="PhysicalBone3D" parent="Armature_001/Skeleton3D/PhysicalBoneSimulator3D" index="11"]
transform = Transform3D(-0.382077, 0.00450409, -0.924119, -0.924069, 0.00965009, 0.382103, 0.0106389, 0.999943, 0.000475016, 0.150453, 1.61357, -0.040254)
collision_layer = 67108864
collision_mask = 67108865
joint_type = 2
joint_offset = Transform3D(1, 0, 0, 0, 1, 0, 0, 0, 1, -0.00145947, 4.77218e-06, 0.100791)
body_offset = Transform3D(1, -6.35162e-06, 9.81233e-05, 9.81024e-05, -2.88556e-06, -1, 6.35348e-06, 1, -2.88413e-06, 0.00144958, 0.100792, -4.47221e-06)
bone_name = "Shoulder.L"
joint_constraints/swing_span = 25.66
joint_constraints/twist_span = 0.0
joint_constraints/bias = 0.3
joint_constraints/softness = 0.8
joint_constraints/relaxation = 1.0

[node name="CollisionShape3D" type="CollisionShape3D" parent="Armature_001/Skeleton3D/PhysicalBoneSimulator3D/Physical Bone Shoulder_L" index="0"]
transform = Transform3D(1, 0, 0, 0, 0, 1, 0, -1, 0, 0, 0, 0)
shape = SubResource("CapsuleShape3D_rinsa")

[node name="Physical Bone ArmUpper_L" type="PhysicalBone3D" parent="Armature_001/Skeleton3D/PhysicalBoneSimulator3D" index="12"]
transform = Transform3D(-0.964101, -0.133151, 0.229741, 0.149242, 0.443901, 0.88356, -0.219629, 0.886128, -0.408094, 0.208322, 1.43494, 0.0247729)
collision_layer = 67108864
collision_mask = 67108865
joint_type = 2
joint_offset = Transform3D(1, 0, 0, 0, 1, 0, 0, 0, 1, -8.16685e-06, 7.11225e-05, 0.159647)
body_offset = Transform3D(1, 0.000218138, -0.000192598, -0.000192657, -0.000123501, -1, -0.000218242, 1, -0.00012368, 3.8899e-05, 0.159647, -5.13792e-05)
bone_name = "ArmUpper.L"
joint_constraints/swing_span = 45.0
joint_constraints/twist_span = 15.0
joint_constraints/bias = 0.3
joint_constraints/softness = 0.8
joint_constraints/relaxation = 1.0

[node name="CollisionShape3D" type="CollisionShape3D" parent="Armature_001/Skeleton3D/PhysicalBoneSimulator3D/Physical Bone ArmUpper_L" index="0"]
transform = Transform3D(1, 0, 0, 0, 0, 1, 0, -1, 0, 0, 0, 0)
shape = SubResource("CapsuleShape3D_g61hy")

[node name="Physical Bone ArmLower_L" type="PhysicalBone3D" parent="Armature_001/Skeleton3D/PhysicalBoneSimulator3D" index="13"]
transform = Transform3D(-0.461577, 0.53014, 0.711266, 0.452987, 0.830229, -0.324842, -0.762725, 0.172255, -0.623361, 0.0449905, 1.35265, 0.200825)
collision_layer = 67108864
collision_mask = 67108865
joint_type = 3
joint_offset = Transform3D(-1.02084e-05, 0, 1, 0, 1, 0, -2.82, 0, -3.61999e-06, -3.97829e-05, -3.58219e-05, 0.178431)
joint_rotation = Vector3(0, 1.5708, 0)
body_offset = Transform3D(1, -0.000205308, 0.000430197, 0.000429809, -3.88771e-05, -1, 0.000205159, 1, -3.9041e-05, -3.69847e-05, 0.178431, 4.27961e-05)
bone_name = "ArmLower.L"
joint_constraints/angular_limit_enabled = true
joint_constraints/angular_limit_upper = -84.08
joint_constraints/angular_limit_lower = -162.89
joint_constraints/angular_limit_bias = 0.3
joint_constraints/angular_limit_softness = 0.9
joint_constraints/angular_limit_relaxation = 1.0

[node name="CollisionShape3D" type="CollisionShape3D" parent="Armature_001/Skeleton3D/PhysicalBoneSimulator3D/Physical Bone ArmLower_L" index="0"]
transform = Transform3D(1, 0, 0, 0, 0, 1, 0, -1, 0, 0, 0, 0)
shape = SubResource("CapsuleShape3D_u4082")

[node name="Physical Bone Hand_L" type="PhysicalBone3D" parent="Armature_001/Skeleton3D/PhysicalBoneSimulator3D" index="14"]
transform = Transform3D(0.888288, 0.450715, 0.0883243, 0.214486, -0.237036, -0.947528, -0.406129, 0.860622, -0.307228, -0.0836114, 1.43149, 0.318502)
collision_layer = 67108864
collision_mask = 67108865
joint_type = 2
joint_offset = Transform3D(1, 0, 0, 0, 1, 0, 0, 0, 1, 6.11506e-06, -2.63676e-05, 0.0222014)
body_offset = Transform3D(-0.990202, -0.0799457, -0.114491, -7.62343e-05, 0.820206, -0.57207, 0.139641, -0.566456, -0.812175, 0.0025458, 0.0127224, 0.0180156)
bone_name = "Hand.L"
joint_constraints/swing_span = 45.0
joint_constraints/twist_span = 15.0
joint_constraints/bias = 0.3
joint_constraints/softness = 0.8
joint_constraints/relaxation = 1.0

[node name="CollisionShape3D" type="CollisionShape3D" parent="Armature_001/Skeleton3D/PhysicalBoneSimulator3D/Physical Bone Hand_L" index="0"]
transform = Transform3D(0.981607, -0.183496, -0.0526944, 0.174608, 0.751291, 0.636454, -0.0771982, -0.633949, 0.769513, 0.00336871, 0.0239931, -0.00950283)
shape = SubResource("CapsuleShape3D_vmfvt")

[node name="Physical Bone Shoulder_R" type="PhysicalBone3D" parent="Armature_001/Skeleton3D/PhysicalBoneSimulator3D" index="15"]
transform = Transform3D(-0.381965, 0.00448329, 0.924166, 0.924086, -0.0121407, 0.381991, 0.0129326, 0.999916, 0.00049439, -0.150309, 1.61331, -0.0403114)
collision_layer = 67108864
collision_mask = 67108865
joint_type = 2
joint_offset = Transform3D(1, 0, 0, 0, 1, 0, 0, 0, 1, 0.0017622, 2.19422e-05, 0.100756)
body_offset = Transform3D(1, 6.59842e-06, -0.000219415, -0.000219492, 2.03738e-05, -1, -6.5919e-06, 1, 2.03745e-05, -0.0017401, 0.100756, -2.39834e-05)
bone_name = "Shoulder.R"
joint_constraints/swing_span = 25.66
joint_constraints/twist_span = 0.0
joint_constraints/bias = 0.3
joint_constraints/softness = 0.8
joint_constraints/relaxation = 1.0

[node name="CollisionShape3D" type="CollisionShape3D" parent="Armature_001/Skeleton3D/PhysicalBoneSimulator3D/Physical Bone Shoulder_R" index="0"]
transform = Transform3D(1, 0, 0, 0, 0, 1, 0, -1, 0, 0, 0, 0)
shape = SubResource("CapsuleShape3D_20nmv")

[node name="Physical Bone ArmUpper_R" type="PhysicalBone3D" parent="Armature_001/Skeleton3D/PhysicalBoneSimulator3D" index="16"]
transform = Transform3D(-0.95788, -0.0515596, 0.282504, 0.225981, 0.47169, 0.852316, -0.177199, 0.880256, -0.44017, -0.290136, 1.43991, 0.0298868)
collision_layer = 67108864
collision_mask = 67108865
joint_type = 2
joint_offset = Transform3D(1, 0, 0, 0, 1, 0, 0, 0, 1, -3.55363e-05, 8.66046e-05, 0.159672)
body_offset = Transform3D(1, -3.49581e-05, -0.000212684, -0.000212662, -0.000609607, -1, 3.48091e-05, 1, -0.000609577, 6.9499e-05, 0.159672, 1.07288e-05)
bone_name = "ArmUpper.R"
joint_constraints/swing_span = 45.0
joint_constraints/twist_span = 15.0
joint_constraints/bias = 0.3
joint_constraints/softness = 0.8
joint_constraints/relaxation = 1.0

[node name="CollisionShape3D" type="CollisionShape3D" parent="Armature_001/Skeleton3D/PhysicalBoneSimulator3D/Physical Bone ArmUpper_R" index="0"]
transform = Transform3D(1, 0, 0, 0, 0, 1, 0, -1, 0, 0, 0, 0)
shape = SubResource("CapsuleShape3D_tthl5")

[node name="Physical Bone ArmLower_R" type="PhysicalBone3D" parent="Armature_001/Skeleton3D/PhysicalBoneSimulator3D" index="17"]
transform = Transform3D(-0.686516, -0.447759, -0.572894, -0.0870148, 0.83283, -0.546646, 0.721889, -0.325431, -0.610713, -0.232461, 1.40204, 0.208737)
collision_layer = 67108864
collision_mask = 67108865
joint_type = 3
joint_offset = Transform3D(-1.02084e-05, 0, 1, 0, 1, 0, -2.82, 0, -3.61999e-06, 9.15612e-05, 0.000113577, 0.178589)
joint_rotation = Vector3(0, 1.5708, 0)
body_offset = Transform3D(1, -0.000271469, -0.000544727, -0.000544727, -0.000578493, -1, 0.000270963, 1, -0.000578701, 5.75185e-06, 0.178589, -1.0252e-05)
bone_name = "ArmLower.R"
joint_constraints/angular_limit_enabled = true
joint_constraints/angular_limit_upper = -84.08
joint_constraints/angular_limit_lower = -162.89
joint_constraints/angular_limit_bias = 0.3
joint_constraints/angular_limit_softness = 0.9
joint_constraints/angular_limit_relaxation = 1.0

[node name="CollisionShape3D" type="CollisionShape3D" parent="Armature_001/Skeleton3D/PhysicalBoneSimulator3D/Physical Bone ArmLower_R" index="0"]
transform = Transform3D(1, 0, 0, 0, 0, 1, 0, -1, 0, 0, 0, 0)
shape = SubResource("CapsuleShape3D_metwr")

[node name="Physical Bone Hand_R" type="PhysicalBone3D" parent="Armature_001/Skeleton3D/PhysicalBoneSimulator3D" index="18"]
transform = Transform3D(0.990303, 0.138911, 0.00208765, 0.0410354, -0.27812, -0.95967, -0.132728, 0.950449, -0.281123, -0.130529, 1.52047, 0.32353)
collision_layer = 67108864
collision_mask = 67108865
joint_type = 2
joint_offset = Transform3D(1, 0, 0, 0, 1, 0, 0, 0, 1, -9.22894e-06, -1.73785e-05, 0.022206)
body_offset = Transform3D(-0.99233, 0.0706706, 0.101422, -0.00010217, 0.819995, -0.572371, -0.123615, -0.567991, -0.813699, -0.0022601, 0.0127243, 0.0180579)
bone_name = "Hand.R"
joint_constraints/swing_span = 45.0
joint_constraints/twist_span = 15.0
joint_constraints/bias = 0.3
joint_constraints/softness = 0.8
joint_constraints/relaxation = 1.0

[node name="CollisionShape3D" type="CollisionShape3D" parent="Armature_001/Skeleton3D/PhysicalBoneSimulator3D/Physical Bone Hand_R" index="0"]
transform = Transform3D(0.985501, 0.166901, 0.0305316, -0.151705, 0.786176, 0.599094, 0.0759864, -0.595039, 0.800097, 0.00600952, 0.0529912, -0.0183179)
shape = SubResource("CapsuleShape3D_8s1m1")

[editable path="AnimationTree"]
[editable path="AnimationTree/player_model"]
