[gd_scene load_steps=15 format=3 uid="uid://om525hroc3mr"]

[ext_resource type="PackedScene" uid="uid://byoolwbycr4tk" path="res://player/models/player_model.glb" id="1_xdlwj"]
[ext_resource type="Script" uid="uid://b7g0hemb3mmh5" path="res://player/scripts/player_skeleton_controller.gd" id="2_r0a5i"]
[ext_resource type="PackedScene" uid="uid://cj7p8kb5is0qr" path="res://weapons/models/longsword_model.tscn" id="3_1buoc"]

[sub_resource type="AnimationNodeAnimation" id="AnimationNodeAnimation_2pwlm"]
animation = &"BlockSword"

[sub_resource type="AnimationNodeTransition" id="AnimationNodeTransition_1buoc"]
xfade_time = 0.1
input_0/name = "state_idle"
input_0/auto_advance = false
input_0/break_loop_at_end = false
input_0/reset = true
input_1/name = "state_blocking"
input_1/auto_advance = false
input_1/break_loop_at_end = false
input_1/reset = true

[sub_resource type="AnimationNodeAnimation" id="AnimationNodeAnimation_cjpug"]
animation = &"IdleSword"

[sub_resource type="AnimationNodeAnimation" id="AnimationNodeAnimation_xm6ps"]
animation = &"SwingSword"

[sub_resource type="AnimationNodeOneShot" id="AnimationNodeOneShot_2pwlm"]
fadein_time = 0.1
fadeout_time = 0.2

[sub_resource type="AnimationNodeTimeScale" id="AnimationNodeTimeScale_r0a5i"]

[sub_resource type="AnimationNodeBlend2" id="AnimationNodeBlend2_xm6ps"]
filter_enabled = true
filters = ["", "Armature_001/Skeleton3D:ArmLower.L.001", "Armature_001/Skeleton3D:ArmLower.R.001", "Armature_001/Skeleton3D:Foot.L", "Armature_001/Skeleton3D:Foot.R", "Armature_001/Skeleton3D:FootIK.L", "Armature_001/Skeleton3D:FootIK.R", "Armature_001/Skeleton3D:LegIKPole.L", "Armature_001/Skeleton3D:LegLower.L", "Armature_001/Skeleton3D:LegLower.R", "Armature_001/Skeleton3D:LegUpper.L", "Armature_001/Skeleton3D:LegUpper.R", "Armature_001/Skeleton3D:Toes.L", "Armature_001/Skeleton3D:Toes.R"]

[sub_resource type="AnimationNodeAnimation" id="AnimationNodeAnimation_r0a5i"]
animation = &"Idle"

[sub_resource type="AnimationNodeAnimation" id="AnimationNodeAnimation_1buoc"]
animation = &"Walk"
use_custom_timeline = true
timeline_length = 0.45
stretch_time_scale = true
start_offset = 0.0
loop_mode = 1

[sub_resource type="AnimationNodeBlendSpace1D" id="AnimationNodeBlendSpace1D_iqfnt"]
blend_point_0/node = SubResource("AnimationNodeAnimation_r0a5i")
blend_point_0/pos = 0.0
blend_point_1/node = SubResource("AnimationNodeAnimation_1buoc")
blend_point_1/pos = 1.0
min_space = 0.0

[sub_resource type="AnimationNodeBlendTree" id="AnimationNodeBlendTree_xm6ps"]
graph_offset = Vector2(-1160.24, -136.448)
nodes/block_sword/node = SubResource("AnimationNodeAnimation_2pwlm")
nodes/block_sword/position = Vector2(-940, 20)
nodes/idle_blocking_transition/node = SubResource("AnimationNodeTransition_1buoc")
nodes/idle_blocking_transition/position = Vector2(-680, -160)
nodes/idle_sword/node = SubResource("AnimationNodeAnimation_cjpug")
nodes/idle_sword/position = Vector2(-940, -160)
nodes/output/position = Vector2(580, 220)
nodes/swing_sword/node = SubResource("AnimationNodeAnimation_xm6ps")
nodes/swing_sword/position = Vector2(-640, 200)
nodes/swing_sword_oneshot/node = SubResource("AnimationNodeOneShot_2pwlm")
nodes/swing_sword_oneshot/position = Vector2(-180, 20)
nodes/swing_sword_timescale/node = SubResource("AnimationNodeTimeScale_r0a5i")
nodes/swing_sword_timescale/position = Vector2(-460, 180)
nodes/torso_legs_blend/node = SubResource("AnimationNodeBlend2_xm6ps")
nodes/torso_legs_blend/position = Vector2(300, 180)
nodes/walk_velocity/node = SubResource("AnimationNodeBlendSpace1D_iqfnt")
nodes/walk_velocity/position = Vector2(-220, 380)
node_connections = [&"idle_blocking_transition", 0, &"idle_sword", &"idle_blocking_transition", 1, &"block_sword", &"output", 0, &"torso_legs_blend", &"swing_sword_oneshot", 0, &"idle_blocking_transition", &"swing_sword_oneshot", 1, &"swing_sword_timescale", &"swing_sword_timescale", 0, &"swing_sword", &"torso_legs_blend", 0, &"swing_sword_oneshot", &"torso_legs_blend", 1, &"walk_velocity"]

[node name="player_model" node_paths=PackedStringArray("weapon") instance=ExtResource("1_xdlwj")]
script = ExtResource("2_r0a5i")
weapon = NodePath("Armature_001/Skeleton3D/WeaponAttach/WeaponRT/WeaponHolder/longsword")

[node name="AnimationTree" type="AnimationTree" parent="." index="0"]
tree_root = SubResource("AnimationNodeBlendTree_xm6ps")
anim_player = NodePath("../AnimationPlayer")
parameters/idle_blocking_transition/current_state = "state_idle"
parameters/idle_blocking_transition/transition_request = ""
parameters/idle_blocking_transition/current_index = 0.0
parameters/swing_sword_oneshot/active = false
parameters/swing_sword_oneshot/internal_active = false
parameters/swing_sword_oneshot/request = 0
parameters/swing_sword_timescale/scale = 2.08333
parameters/torso_legs_blend/blend_amount = true
parameters/walk_velocity/blend_position = -0.0358577

[node name="Skeleton3D" parent="Armature_001" index="0"]
modifier_callback_mode_process = 0
bones/0/position = Vector3(2.64698e-22, 0.884602, -0.0355277)
bones/1/rotation = Quaternion(0.00255316, 0.025039, 0.999517, -0.0182175)
bones/2/rotation = Quaternion(-0.114061, 0.000514509, -0.0111285, 0.993411)
bones/3/rotation = Quaternion(0.764245, -0.0520815, 0.052855, 0.640643)
bones/4/rotation = Quaternion(-0.000562796, 0.00332753, 0.0180392, 0.999832)
bones/5/rotation = Quaternion(-0.00257312, 0.0249567, 0.999505, 0.018984)
bones/6/rotation = Quaternion(-0.113989, 0.00497039, 0.011826, 0.993399)
bones/7/rotation = Quaternion(0.76499, 0.0626625, -0.0406744, 0.639695)
bones/8/rotation = Quaternion(-4.24416e-05, -0.00694902, -0.018048, 0.999813)
bones/11/rotation = Quaternion(0.00288137, 3.59366e-15, 6.86971e-10, 0.999996)
bones/14/rotation = Quaternion(-0.00310769, -0.000596304, -0.831314, 0.555794)
bones/15/rotation = Quaternion(0.233697, -0.0409926, -0.620244, 0.747665)
bones/16/rotation = Quaternion(0.511591, -0.00370322, -0.390561, 0.765325)
bones/17/rotation = Quaternion(0.132992, 0.41484, 0.518368, 0.735877)
bones/18/rotation = Quaternion(0.401598, -0.0210936, -0.288497, 0.868933)
bones/19/rotation = Quaternion(-0.15803, -0.0083817, -0.024376, 0.987098)
bones/20/position = Vector3(0.00269278, 0.0976004, 0.0355213)
bones/20/rotation = Quaternion(-0.051715, 0.0591904, -0.276731, 0.957727)
bones/21/rotation = Quaternion(-0.0170233, -0.0118632, -0.571483, 0.820351)
bones/22/rotation = Quaternion(0.0235423, 0.0155574, -0.54257, 0.839536)
bones/23/position = Vector3(0.0117453, 0.103073, 0.00663473)
bones/23/rotation = Quaternion(0.0556915, 0.0275164, -0.530165, 0.845616)
bones/24/rotation = Quaternion(-0.0145595, -0.0162394, -0.730792, 0.682251)
bones/25/rotation = Quaternion(-0.00118009, -0.00130108, -0.740667, 0.67187)
bones/26/position = Vector3(0.00881499, 0.101805, -0.0159811)
bones/26/rotation = Quaternion(-0.0341792, -0.0219976, -0.573537, 0.818171)
bones/27/rotation = Quaternion(0.0058023, 0.00697786, -0.739671, 0.672907)
bones/28/rotation = Quaternion(0.0306149, 0.0384238, -0.695152, 0.717182)
bones/29/position = Vector3(0.0079592, 0.0811148, -0.0403388)
bones/29/rotation = Quaternion(-0.00465023, -0.0762163, -0.325104, 0.942591)
bones/30/rotation = Quaternion(-0.00208329, -0.00394899, -0.758146, 0.652069)
bones/31/rotation = Quaternion(0.00568066, 0.009975, -0.706536, 0.707584)
bones/32/rotation = Quaternion(0.00669007, -0.00595437, 0.831293, 0.555762)
bones/33/rotation = Quaternion(0.161036, 0.182208, 0.413041, 0.877647)
bones/34/rotation = Quaternion(0.655887, 0.0196097, 0.492144, 0.572033)
bones/35/rotation = Quaternion(-0.0596851, -0.0947762, -0.288582, 0.950882)
bones/36/rotation = Quaternion(0.547824, -0.459674, 0.185082, 0.674042)
bones/37/rotation = Quaternion(-0.0513861, 0.0217989, -0.0298301, 0.997995)
bones/38/rotation = Quaternion(0.0945015, -0.0637419, 0.612635, 0.782103)
bones/39/rotation = Quaternion(-0.0172347, 0.0113866, 0.551262, 0.834077)
bones/40/rotation = Quaternion(0.0240744, -0.0156118, 0.535359, 0.844137)
bones/41/rotation = Quaternion(0.0524388, -0.0347793, 0.610583, 0.789449)
bones/42/rotation = Quaternion(-0.0181599, 0.0126527, 0.533018, 0.845814)
bones/43/rotation = Quaternion(-0.00150706, 0.000902111, 0.513616, 0.858019)
bones/44/rotation = Quaternion(-0.0292981, 0.0259365, 0.679017, 0.733079)
bones/45/rotation = Quaternion(0.00640926, -0.00664657, 0.543514, 0.839349)
bones/46/rotation = Quaternion(0.0394447, -0.0272703, 0.456117, 0.888627)
bones/47/rotation = Quaternion(-0.0820463, 0.0780851, 0.725637, 0.678692)
bones/48/rotation = Quaternion(-0.0026592, 0.00304384, 0.566881, 0.82379)
bones/49/rotation = Quaternion(0.00746816, -0.00756586, 0.470386, 0.882397)
bones/51/position = Vector3(-0.135223, 0.358838, 0.185173)
bones/51/rotation = Quaternion(0.0699796, 0.982387, -0.153154, -0.081007)
bones/58/position = Vector3(0.153415, 0.0372633, -0.103784)
bones/58/rotation = Quaternion(0.00479742, -0.707091, 0.707091, -0.00479742)
bones/59/position = Vector3(-0.153415, 0.0372633, -0.103784)
bones/59/rotation = Quaternion(0.00458585, 0.707092, -0.707092, -0.00458585)
bones/60/rotation = Quaternion(-0.0126777, 0.706993, 0.706993, -0.0126777)
bones/62/position = Vector3(-0.0858389, 1.41133, 0.318383)
bones/64/position = Vector3(-0.320898, 1.28422, -0.446731)

[node name="Longsword" parent="Armature_001/Skeleton3D" index="0"]
transform = Transform3D(0.183951, 0.930299, 0.317344, -0.966177, 0.230496, -0.115648, -0.180734, -0.285336, 0.941233, 0.284439, 2.45426, 0.27615)
visible = false

[node name="TorsoIK" type="LookAtModifier3D" parent="Armature_001/Skeleton3D" index="1"]
transform = Transform3D(1, -7.62281e-10, 2.38418e-07, 3.81134e-10, 0.999999, 0.00159865, -2.38419e-07, -0.00159865, 0.999999, -1.49411e-15, 1.09488, -0.0355278)
target_node = NodePath("TorsoTarget")
bone_name = "TorsoRotator"
bone = 9
forward_axis = 2
primary_rotation_axis = 0

[node name="TorsoTarget" type="Marker3D" parent="Armature_001/Skeleton3D/TorsoIK" index="0"]
transform = Transform3D(1, 0, 0, 0, 1, 0, 0, 0, 1, 0, 0, 1.45247)

[node name="WeaponRotator" type="Node3D" parent="Armature_001/Skeleton3D/TorsoIK" index="1"]
transform = Transform3D(0.999985, 0.0053968, 0.000748251, -0.00540192, 0.99996, 0.00701469, -0.000710366, -0.00701863, 0.999975, -1.60167e-10, 0.589979, 0.00161442)

[node name="WeaponRotatorTarget" type="Marker3D" parent="Armature_001/Skeleton3D/TorsoIK/WeaponRotator" index="0"]
transform = Transform3D(1, 0, 0, 0, 1, 0, 0, 0, 1, 0, -1.5, 0)

[node name="NeckRotator" type="Node3D" parent="Armature_001/Skeleton3D/TorsoIK" index="2"]
transform = Transform3D(1, 1.25116e-17, 4.74338e-20, -8.01214e-18, 1, 1.16415e-10, -3.81165e-20, 0, 1, -1.60159e-10, 0.592355, -0.0329697)

[node name="NeckTarget" type="Marker3D" parent="Armature_001/Skeleton3D/TorsoIK/NeckRotator" index="0"]
transform = Transform3D(1, 0, 0, 4.43734e-30, 1, 0, 0, 0, 1, 0, 0, 1.45247)

[node name="HeadRotator" type="Node3D" parent="Armature_001/Skeleton3D/TorsoIK/NeckRotator" index="1"]
transform = Transform3D(1, 3.8114e-10, -4.26326e-14, -3.81139e-10, 0.999998, 0.00167525, 6.39488e-13, -0.00167524, 0.999999, 4.12612e-11, 0.105876, 0.0344033)

[node name="CameraRT" type="RemoteTransform3D" parent="Armature_001/Skeleton3D/TorsoIK/NeckRotator/HeadRotator" index="0"]
transform = Transform3D(-1, -9.64162e-12, 8.78415e-08, -1.67041e-09, 0.99982, -0.018906, -8.78257e-08, -0.0189059, -0.99982, -3.97869e-08, 0.0812849, 0.168906)
update_rotation = false
update_scale = false

[node name="HeadTarget" type="Marker3D" parent="Armature_001/Skeleton3D/TorsoIK/NeckRotator/HeadRotator" index="1"]
transform = Transform3D(1, 0, 0, 0, 1, 0, -6.93889e-18, 0, 1, 5.55112e-17, 0.0274643, 1.45247)

[node name="WeaponRotatorIK" type="LookAtModifier3D" parent="Armature_001/Skeleton3D" index="2"]
transform = Transform3D(1, 1.38053e-18, 3.43545e-20, 0, 0.998762, 0.0497388, 2.77556e-17, -0.0497388, 0.998762, -2.24992e-10, 1.68486, -0.0348566)
target_node = NodePath("../TorsoIK/WeaponRotator/WeaponRotatorTarget")
bone_name = "WeaponHolderRotator"
bone = 50
primary_rotation_axis = 0

[node name="NeckIK" type="LookAtModifier3D" parent="Armature_001/Skeleton3D" index="3"]
transform = Transform3D(1, 0, 0, 0, 1, 0, 0, 0, 1, 0, 1.72407, 0.0846984)
target_node = NodePath("../TorsoIK/NeckRotator/NeckTarget")
bone_name = "Neck"
bone = 12
primary_rotation_axis = 0

[node name="HeadIK" type="LookAtModifier3D" parent="Armature_001/Skeleton3D" index="4"]
transform = Transform3D(1, 0, 0, 0, 1, 0, 0, 0, 1, 0, 1.75154, 0)
target_node = NodePath("../TorsoIK/NeckRotator/HeadRotator/HeadTarget")
bone_name = "Head"
bone = 13
primary_rotation_axis = 0

[node name="CameraAttach" type="BoneAttachment3D" parent="Armature_001/Skeleton3D" index="5"]
transform = Transform3D(1, -5.29754e-09, 2.3794e-07, 1.89628e-11, 0.999754, 0.0221792, -2.37999e-07, -0.0221792, 0.999754, 2.98687e-10, 1.79311, -0.0352111)
bone_name = "Head"
bone_idx = 13

[node name="WeaponAttach" type="BoneAttachment3D" parent="Armature_001/Skeleton3D" index="6"]
transform = Transform3D(-0.977811, 0.114365, -0.175521, -0.131046, 0.319756, 0.938394, 0.163443, 0.940573, -0.297673, -0.136221, 1.50352, 0.325557)
bone_name = "HandIK.R"
bone_idx = 51

[node name="WeaponRT" type="RemoteTransform3D" parent="Armature_001/Skeleton3D/WeaponAttach" index="0"]
transform = Transform3D(0.689169, 0.0815617, -0.719995, -0.723882, 0.0332636, -0.689121, -0.0322563, 0.996113, 0.0819653, -0.00158573, 0.0329829, 0.0161717)

[node name="FirstPersonOffset" type="Node3D" parent="Armature_001/Skeleton3D/WeaponAttach/WeaponRT" index="0"]
transform = Transform3D(0.999967, 0.00805518, 0.00126484, -0.00806044, 0.999959, 0.00419037, -0.00123098, -0.00420044, 0.999991, -0.0575444, 0.135319, -0.105339)

[node name="WeaponHolder" type="Node3D" parent="Armature_001/Skeleton3D/WeaponAttach/WeaponRT" index="1"]
transform = Transform3D(1, -3.72529e-09, 5.96046e-08, 1.49012e-08, 1, 0, -8.9407e-08, 0, 1, 0, 0, 0)

[node name="HandIKTarget_R" type="Marker3D" parent="Armature_001/Skeleton3D/WeaponAttach/WeaponRT/WeaponHolder" index="0"]
transform = Transform3D(-0.179606, -0.973935, 0.138544, -0.0397341, 0.1479, 0.988204, -0.982936, 0.171982, -0.0652625, 0.0660651, -0.0685303, -0.0210091)

[node name="HandIKTarget_L" type="Marker3D" parent="Armature_001/Skeleton3D/WeaponAttach/WeaponRT/WeaponHolder" index="1"]
transform = Transform3D(0.873173, 0.48542, -0.0440257, 0.0358494, 0.0261209, 0.999016, 0.486091, -0.873892, 0.00540628, -0.047192, -0.151935, 0.062871)

[node name="longsword" parent="Armature_001/Skeleton3D/WeaponAttach/WeaponRT/WeaponHolder" index="2" instance=ExtResource("3_1buoc")]
transform = Transform3D(1, 2.77556e-17, 0, 0, 1, 0, 0, 1.16415e-10, 1, 0, 0, 0)

[node name="Cube" parent="Armature_001/Skeleton3D" index="7"]
transform = Transform3D(0.183951, 0.930299, 0.317344, -0.966177, 0.230496, -0.115648, -0.180734, -0.285336, 0.941233, -0.0783639, 2.36437, 0.387427)
visible = false

[node name="Cube" parent="Armature_001/Skeleton3D/Cube" index="0"]
visible = false

[node name="Cube_001" parent="Armature_001/Skeleton3D" index="8"]
transform = Transform3D(0.183951, 0.930299, 0.317344, -0.966177, 0.230496, -0.115648, -0.180734, -0.285336, 0.941233, 0.200915, 2.43356, 0.301768)
visible = false

[node name="Cylinder_001" parent="Armature_001/Skeleton3D" index="9"]
transform = Transform3D(0.183951, 0.930299, 0.317344, -0.966177, 0.230496, -0.115648, -0.180734, -0.285336, 0.941233, 0.396842, 2.48211, 0.241674)
visible = false

[node name="Cylinder_001" parent="Armature_001/Skeleton3D/Cylinder_001" index="0"]
visible = false

[node name="HandIK_R" type="SkeletonIK3D" parent="Armature_001/Skeleton3D" index="11"]
transform = Transform3D(1, 0, 0, 0, 1, 0, 0, 0, 1, -0.152794, 1.17006, 0.397446)
root_bone = &"ArmUpper.R"
tip_bone = &"Hand.R"
target_node = NodePath("../WeaponAttach/WeaponRT/WeaponHolder/HandIKTarget_R")
min_distance = 0.001
max_iterations = 20

[node name="HandIK_L" type="SkeletonIK3D" parent="Armature_001/Skeleton3D" index="12"]
transform = Transform3D(1, 0, 0, 0, 1, 0, 0, 0, 1, -0.152794, 1.17006, 0.397446)
root_bone = &"ArmUpper.L"
tip_bone = &"Hand.L"
target_node = NodePath("../WeaponAttach/WeaponRT/WeaponHolder/HandIKTarget_L")
min_distance = 0.001
max_iterations = 20
