[gd_scene load_steps=7 format=3 uid="uid://om525hroc3mr"]

[ext_resource type="PackedScene" uid="uid://byoolwbycr4tk" path="res://player/models/player_model.glb" id="1_xdlwj"]
[ext_resource type="Script" uid="uid://b7g0hemb3mmh5" path="res://player/scripts/player_skeleton_controller.gd" id="2_r0a5i"]
[ext_resource type="PackedScene" uid="uid://cj7p8kb5is0qr" path="res://weapons/models/longsword_model.tscn" id="3_1buoc"]
[ext_resource type="PackedScene" uid="uid://411nf870j1o3" path="res://player/animations/humanoid_animation_tree.tscn" id="3_cjpug"]
[ext_resource type="Material" uid="uid://62psr3wqfxmj" path="res://player/models/character_mat.tres" id="5_2pwlm"]
[ext_resource type="Material" uid="uid://qyrv64vmclq2" path="res://player/models/player_model_mat_m.tres" id="5_xm6ps"]

[node name="player_model" node_paths=PackedStringArray("skeleton", "weapon") instance=ExtResource("1_xdlwj")]
script = ExtResource("2_r0a5i")
skeleton = NodePath("Armature_001/Skeleton3D")
weapon = NodePath("Armature_001/Skeleton3D/WeaponAttach/WeaponRT/WeaponHolder/longsword")

[node name="AnimationTree" parent="." index="0" instance=ExtResource("3_cjpug")]
root_node = NodePath("..")
anim_player = NodePath("../AnimationPlayer")
parameters/walk_blendspace/blend_position = Vector2(0.0155569, -0.455782)

[node name="player_model" parent="AnimationTree" index="0"]
visible = false

[node name="Skeleton3D" parent="AnimationTree/player_model/Armature_001" index="0"]
bones/0/position = Vector3(1.75165e-33, 0.884602, -0.0355277)
bones/0/rotation = Quaternion(-2.98023e-08, 1.19209e-07, -2.11758e-22, 1)
bones/1/rotation = Quaternion(-0.000652307, 0.0250204, 0.999527, -0.0178762)
bones/2/rotation = Quaternion(-0.114058, 0.00051451, -0.0111282, 0.993412)
bones/3/rotation = Quaternion(0.764245, -0.0520815, 0.052855, 0.640643)
bones/4/rotation = Quaternion(-0.000562797, 0.00332753, 0.0180392, 0.999832)
bones/5/position = Vector3(-0.134036, -0.00773418, -6.54844e-08)
bones/5/rotation = Quaternion(0.00646964, 0.0249159, 0.999506, 0.0180216)
bones/6/rotation = Quaternion(-0.113988, 0.00497039, 0.0118259, 0.993399)
bones/7/rotation = Quaternion(0.76499, 0.0626625, -0.0406744, 0.639695)
bones/8/rotation = Quaternion(-4.24416e-05, -0.00694903, -0.018048, 0.999813)
bones/11/rotation = Quaternion(0.00288137, 3.55284e-15, 6.86971e-10, 0.999996)
bones/12/rotation = Quaternion(-0.00288137, -1.77227e-14, -6.86971e-10, 0.999996)
bones/13/rotation = Quaternion(-2.32831e-10, -7.10543e-15, -5.55111e-17, 1)
bones/14/rotation = Quaternion(-0.000718104, -1.19209e-07, -8.56153e-11, 1)
bones/15/rotation = Quaternion(-0.000718104, -1.19209e-07, -8.56153e-11, 1)
bones/17/rotation = Quaternion(-0.0307589, 0.0220498, -0.321548, 0.946137)
bones/18/rotation = Quaternion(0.129757, -0.0501646, -0.0263611, 0.989925)
bones/19/rotation = Quaternion(0.0116905, -0.0122418, 0.00899497, 0.999816)
bones/20/position = Vector3(0.00929881, 0.0273076, 0.0359631)
bones/20/rotation = Quaternion(0.241513, -0.158018, -0.0983748, 0.952378)
bones/21/rotation = Quaternion(0.134388, -0.0524578, -0.0713613, 0.986963)
bones/22/rotation = Quaternion(0.107783, -0.0521133, -0.0482996, 0.991632)
bones/23/position = Vector3(-4.65661e-09, 0.0376435, 2.88564e-08)
bones/23/rotation = Quaternion(-0.0212822, 0.00811308, -0.0011969, 0.99974)
bones/24/rotation = Quaternion(0.0230987, -0.0100344, -0.0308946, 0.999205)
bones/25/rotation = Quaternion(0.0559007, -0.0292598, -0.0564192, 0.996412)
bones/26/position = Vector3(1.72295e-08, 0.035983, 1.53668e-08)
bones/26/rotation = Quaternion(-0.0193892, 0.00896052, 0.0195823, 0.99958)
bones/27/rotation = Quaternion(-0.00174068, 0.00073091, 0.000231409, 0.999998)
bones/28/rotation = Quaternion(-0.0477386, 0.0146627, -0.0976553, 0.993967)
bones/29/position = Vector3(2.99187e-08, 0.0387718, 5.3551e-09)
bones/29/rotation = Quaternion(0.00928504, -0.00354931, 0.00341682, 0.999945)
bones/30/rotation = Quaternion(0.054221, -0.0177281, 0.0598337, 0.996577)
bones/31/rotation = Quaternion(-0.121197, 0.0367549, -0.143849, 0.981462)
bones/32/rotation = Quaternion(-0.0040662, 0.000613673, -0.0239369, 0.999705)
bones/33/rotation = Quaternion(0.0108053, -0.00206417, 0.0494899, 0.998714)
bones/35/rotation = Quaternion(-0.0225763, -0.0301812, 0.318405, 0.947205)
bones/36/rotation = Quaternion(0.13307, 0.0806043, 0.0297067, 0.987377)
bones/37/rotation = Quaternion(0.0117067, -0.00637044, -0.0089725, 0.999871)
bones/38/rotation = Quaternion(0.255644, -0.00666519, 0.0514793, 0.965377)
bones/39/rotation = Quaternion(0.1509, 0.0524538, 0.0195305, 0.986963)
bones/40/rotation = Quaternion(0.108627, 0.0510633, 0.0463706, 0.991687)
bones/41/rotation = Quaternion(-0.0212573, -0.00808901, 0.0015982, 0.99974)
bones/42/rotation = Quaternion(0.0236755, 0.0100952, 0.0304552, 0.999205)
bones/43/rotation = Quaternion(0.0569258, 0.0276893, 0.0553827, 0.996457)
bones/44/rotation = Quaternion(-0.0197642, -0.00840809, -0.0191999, 0.999585)
bones/45/rotation = Quaternion(-0.00174506, -0.000729447, -0.000201225, 0.999998)
bones/46/rotation = Quaternion(-0.0461834, -0.0137629, 0.0983978, 0.99398)
bones/47/rotation = Quaternion(0.0092254, 0.00184148, -0.00356928, 0.999949)
bones/48/rotation = Quaternion(0.0531014, 0.0175198, -0.0608313, 0.996581)
bones/49/rotation = Quaternion(-0.118681, -0.0373441, 0.14593, 0.98144)
bones/51/position = Vector3(8.77626e-08, 0.0248416, -4.19095e-09)
bones/51/rotation = Quaternion(0.00990488, 0.00175695, -0.0496722, 0.998715)
bones/51/scale = Vector3(1, 1, 1)
bones/58/position = Vector3(0, 0.120825, 0)
bones/59/position = Vector3(0.0935619, 0.0661591, -0.00724948)
bones/59/rotation = Quaternion(0.613382, -4.49832e-15, 0.789786, -1.37578e-07)
bones/60/rotation = Quaternion(0.00479742, -0.70709, 0.707091, -0.00479742)
bones/61/position = Vector3(-0.153415, 0.0372633, -0.103784)
bones/62/position = Vector3(0.146956, 0.512624, 0.774651)
bones/62/scale = Vector3(1, 1, 1)
bones/64/position = Vector3(0.55534, 1.02427, 0.00843075)

[node name="Helm" parent="AnimationTree/player_model/Armature_001/Skeleton3D" index="0"]
transform = Transform3D(1, 3.60545e-14, -4.26326e-14, -7.5023e-15, 0.999999, 0.00143627, -9.9476e-14, -0.00143627, 0.999999, -0.000531921, 1.87109, -0.0161184)

[node name="Visor" parent="AnimationTree/player_model/Armature_001/Skeleton3D" index="1"]
transform = Transform3D(1, 3.60545e-14, -4.26326e-14, -7.5023e-15, 0.999999, 0.00143627, -9.9476e-14, -0.00143627, 0.999999, -0.000532648, 1.86895, -0.0337466)

[node name="Longsword" parent="AnimationTree/player_model/Armature_001/Skeleton3D" index="2"]
transform = Transform3D(0.0330436, -5.113e-07, -0.999454, -0.00274548, -0.999996, -9.02692e-05, -0.99945, 0.00274697, -0.0330435, -0.531696, 1.01615, 0.22736)

[node name="Cube" parent="AnimationTree/player_model/Armature_001/Skeleton3D" index="3"]
transform = Transform3D(0.0330436, -5.113e-07, -0.999454, -0.00274548, -0.999996, -9.02692e-05, -0.99945, 0.00274697, -0.0330435, -0.531696, 1.40613, 0.226288)

[node name="Cube_001" parent="AnimationTree/player_model/Armature_001/Skeleton3D" index="4"]
transform = Transform3D(0.0330436, -5.113e-07, -0.999454, -0.00274548, -0.999996, -9.02692e-05, -0.99945, 0.00274697, -0.0330435, -0.531696, 1.10593, 0.227113)

[node name="Cylinder_001" parent="AnimationTree/player_model/Armature_001/Skeleton3D" index="5"]
transform = Transform3D(0.0330436, -5.113e-07, -0.999454, -0.00274548, -0.999996, -9.02692e-05, -0.99945, 0.00274697, -0.0330435, -0.531696, 0.895326, 0.227692)

[node name="Skeleton3D" parent="Armature_001" index="0"]
modifier_callback_mode_process = 0
bones/0/position = Vector3(2.64698e-22, 0.874623, -0.0355277)
bones/0/rotation = Quaternion(-2.98023e-08, 1.19209e-07, -2.5638e-29, 1)
bones/1/rotation = Quaternion(0.00318147, 0.134666, 0.990679, -0.0202312)
bones/2/rotation = Quaternion(-0.178565, 0.00050952, -0.0174219, 0.983774)
bones/3/rotation = Quaternion(0.786112, -0.0533998, 0.0508512, 0.61367)
bones/4/rotation = Quaternion(-0.000562793, 0.00332753, 0.0180392, 0.999832)
bones/5/position = Vector3(-0.134036, -0.00773421, -6.7171e-08)
bones/5/rotation = Quaternion(-0.00094242, 0.0123841, 0.999595, 0.0256081)
bones/6/rotation = Quaternion(-0.219275, 0.00488026, 0.0227493, 0.975385)
bones/7/rotation = Quaternion(0.727993, 0.0610089, -0.0464775, 0.681281)
bones/8/rotation = Quaternion(0.143575, 0.0203283, -0.00890817, 0.989391)
bones/9/rotation = Quaternion(0.707107, -3.09086e-08, 1.37679e-07, 0.707107)
bones/11/rotation = Quaternion(0.00288137, 3.59366e-15, 6.86971e-10, 0.999996)
bones/12/position = Vector3(3.55396e-08, 0.324192, -0.149064)
bones/12/rotation = Quaternion(-0.00288137, -1.77226e-14, -6.86971e-10, 0.999996)
bones/12/scale = Vector3(1, 1, 1)
bones/13/rotation = Quaternion(0.0066188, -1.19207e-07, 7.89012e-10, 0.999978)
bones/16/position = Vector3(0.0578671, 0.265432, 8.53135e-05)
bones/16/rotation = Quaternion(-0.00310769, -0.000596304, -0.831314, 0.555794)
bones/17/rotation = Quaternion(0.854553, 0.315041, -0.260994, 0.319953)
bones/18/rotation = Quaternion(0.858747, -0.0243832, -0.174461, 0.481167)
bones/19/rotation = Quaternion(-0.0165261, 0.0536199, 0.976053, 0.210172)
bones/20/rotation = Quaternion(0.510731, -0.0945467, -0.522614, 0.676084)
bones/21/rotation = Quaternion(-0.464309, -0.00120828, -0.0885597, 0.881234)
bones/22/position = Vector3(0.0174241, 0.102443, 0.0396278)
bones/22/rotation = Quaternion(-0.193133, 0.0823619, -0.521379, 0.827091)
bones/23/rotation = Quaternion(-0.0151527, -0.0170048, -0.934789, 0.354472)
bones/24/rotation = Quaternion(0.0195027, 0.0159335, -0.902302, 0.430368)
bones/25/position = Vector3(0.0261877, 0.100375, 0.00817701)
bones/25/rotation = Quaternion(0.0541696, 0.0323522, -0.878859, 0.472891)
bones/26/rotation = Quaternion(-0.00693233, -0.0202035, -0.996348, -0.0826705)
bones/27/rotation = Quaternion(-0.000558258, -0.00180374, -0.995285, -0.0969793)
bones/28/position = Vector3(0.0187211, 0.101576, -0.0165072)
bones/28/rotation = Quaternion(-0.0374595, -0.0330266, -0.898336, 0.436462)
bones/29/rotation = Quaternion(0.00258185, 0.00959899, -0.995059, -0.0987882)
bones/30/rotation = Quaternion(0.0123733, 0.0556875, -0.997674, -0.0373266)
bones/31/position = Vector3(0.004626, 0.0752024, -0.0395525)
bones/31/rotation = Quaternion(0.0833069, -0.094321, -0.491377, 0.861808)
bones/32/rotation = Quaternion(-0.000194678, -0.0041077, -0.992025, -0.125975)
bones/33/rotation = Quaternion(0.00100399, 0.0109549, -0.998795, -0.0478289)
bones/34/position = Vector3(-0.0578671, 0.265432, 8.52893e-05)
bones/34/rotation = Quaternion(0.00669007, -0.00595437, 0.831293, 0.555762)
bones/35/rotation = Quaternion(0.189612, -0.0227302, 0.501254, 0.843964)
bones/36/rotation = Quaternion(0.745519, 0.0525101, 0.16643, 0.643231)
bones/37/rotation = Quaternion(-0.0185358, -0.0261676, -0.163274, 0.986059)
bones/38/rotation = Quaternion(0.575964, -0.352516, 0.208771, 0.707398)
bones/39/rotation = Quaternion(-0.0486917, 0.0475131, 0.0295862, 0.997244)
bones/40/rotation = Quaternion(0.117788, -0.0230928, 0.624052, 0.772109)
bones/41/rotation = Quaternion(-0.02222, 0.00485566, 0.548176, 0.836054)
bones/42/rotation = Quaternion(0.0254992, -0.00349783, 0.539326, 0.841704)
bones/43/rotation = Quaternion(0.0625242, -0.00989843, 0.616018, 0.785184)
bones/44/rotation = Quaternion(-0.0211446, 0.00377185, 0.53068, 0.8473)
bones/45/rotation = Quaternion(-0.00187198, 0.000270378, 0.513429, 0.85813)
bones/46/rotation = Quaternion(-0.0451724, 0.0167865, 0.676517, 0.734848)
bones/47/rotation = Quaternion(0.00873025, -0.00350452, 0.543964, 0.839056)
bones/48/rotation = Quaternion(0.0545606, -0.0122406, 0.459651, 0.886337)
bones/49/rotation = Quaternion(-0.116361, 0.0440452, 0.721603, 0.681035)
bones/50/rotation = Quaternion(-0.00334497, 0.00152899, 0.566913, 0.823769)
bones/51/rotation = Quaternion(0.00940105, -0.00357966, 0.470322, 0.882437)
bones/53/position = Vector3(-0.122326, 0.377029, 0.238337)
bones/53/rotation = Quaternion(0.06482, 0.982972, -0.148912, -0.0859596)
bones/60/position = Vector3(0.150953, 0.0461657, 0.0154348)
bones/60/rotation = Quaternion(0.00479742, -0.707091, 0.707091, -0.00479743)
bones/61/position = Vector3(-0.151684, 0.0761418, -0.216725)
bones/61/rotation = Quaternion(0.00458585, 0.707092, -0.707092, -0.00458585)
bones/62/rotation = Quaternion(-0.0126777, 0.706993, 0.706993, -0.0126777)
bones/63/position = Vector3(-0.146956, 0.512624, 0.774651)
bones/64/position = Vector3(-0.072111, 1.35867, 0.336078)
bones/65/position = Vector3(0.419333, 1.22944, 0.0482476)
bones/66/position = Vector3(-0.39484, 1.33756, -0.447656)

[node name="Helm" parent="Armature_001/Skeleton3D" index="0"]
transform = Transform3D(1, -6.73526e-08, 4.16111e-05, 4.03601e-08, 1, 0.000648683, -4.16112e-05, -0.000648681, 1, -0.000531922, 1.90492, -0.170138)

[node name="Helm" parent="Armature_001/Skeleton3D/Helm" index="0"]
transform = Transform3D(1, 0, -7.27596e-12, 0, 1, 0, 0, 0, 1, 1.12341e-08, 0.0196884, -0.000234623)
surface_material_override/0 = ExtResource("5_2pwlm")

[node name="TorsoIK" type="LookAtModifier3D" parent="Armature_001/Skeleton3D" index="1"]
transform = Transform3D(1, -7.62281e-10, 2.38418e-07, 3.81134e-10, 0.999999, 0.00159865, -2.38419e-07, -0.00159865, 0.999999, -1.49411e-15, 1.09488, -0.0355278)
target_node = NodePath("TorsoTarget")
bone_name = "TorsoRotator"
bone = 9
forward_axis = 2
primary_rotation_axis = 0

[node name="TorsoTarget" type="Marker3D" parent="Armature_001/Skeleton3D/TorsoIK" index="0"]
transform = Transform3D(1, 2.77556e-17, 0, 2.77556e-17, 1, 1.16415e-10, 0, -1.16415e-10, 1, -3.61351e-07, -0.00242293, 1.51561)

[node name="FPHeadStretch_RT" type="RemoteTransform3D" parent="Armature_001/Skeleton3D/TorsoIK" index="1"]
transform = Transform3D(1, 1.37392e-09, 8.28493e-12, -1.37395e-09, 0.999983, 0.00576271, -4.68958e-13, -0.00576271, 0.999983, 3.53318e-08, 0.62505, -0.146194)
remote_path = NodePath("../../FPHeadOverride")

[node name="WeaponRotator" type="Node3D" parent="Armature_001/Skeleton3D/TorsoIK" index="2"]
transform = Transform3D(0.999985, 0.0053968, 0.000748251, -0.00540192, 0.99996, 0.00701469, -0.000710366, -0.00701863, 0.999975, -1.60167e-10, 0.589979, 0.00161442)

[node name="WeaponRotatorTarget" type="Marker3D" parent="Armature_001/Skeleton3D/TorsoIK/WeaponRotator" index="0"]
transform = Transform3D(1, 0, 0, 0, 1, 0, 0, 0, 1, 0, -1.5, 0)

[node name="NeckRotator" type="Node3D" parent="Armature_001/Skeleton3D/TorsoIK" index="3"]
transform = Transform3D(1, 1.25116e-17, 4.74338e-20, -8.01214e-18, 1, 1.16415e-10, -3.81165e-20, 0, 1, -1.60159e-10, 0.592355, -0.0329697)

[node name="NeckTarget" type="Marker3D" parent="Armature_001/Skeleton3D/TorsoIK/NeckRotator" index="0"]
transform = Transform3D(1, 0, 0, 4.43734e-30, 1, 0, 0, 0, 1, 0, 0, 1.45247)

[node name="HeadRotator" type="Node3D" parent="Armature_001/Skeleton3D/TorsoIK/NeckRotator" index="1"]
transform = Transform3D(1, 3.8114e-10, -7.10543e-14, -3.81139e-10, 0.999998, 0.00167525, 6.11067e-13, -0.00167524, 0.999999, 4.12586e-11, 0.105876, 0.0344033)

[node name="CameraRT" type="RemoteTransform3D" parent="Armature_001/Skeleton3D/TorsoIK/NeckRotator/HeadRotator" index="0"]
transform = Transform3D(-1, 0, -8.74227e-08, 0, 0.999999, 0, 8.74228e-08, 0, -0.999999, -0.0297484, 0.071686, 0.187486)
update_rotation = false
update_scale = false

[node name="HeadTarget" type="Marker3D" parent="Armature_001/Skeleton3D/TorsoIK/NeckRotator/HeadRotator" index="1"]
transform = Transform3D(1, 0, 0, 0, 1, 0, -6.93889e-18, 0, 1, 5.55112e-17, 0.0274643, 1.45247)

[node name="TorsoCollisionRT" type="RemoteTransform3D" parent="Armature_001/Skeleton3D/TorsoIK" index="4"]
transform = Transform3D(1, 3.81133e-10, -2.38419e-07, -7.62282e-10, 0.999999, -0.00159865, 2.38418e-07, 0.00159865, 0.999999, -8.32571e-09, 0.379813, 0.036135)

[node name="WeaponRotatorIK" type="LookAtModifier3D" parent="Armature_001/Skeleton3D" index="2"]
transform = Transform3D(0.857053, 0.294715, 0.422614, -0.505065, 0.642682, 0.57608, -0.101827, -0.707179, 0.699663, -2.24992e-10, 1.68486, -0.0348566)
target_node = NodePath("../TorsoIK/WeaponRotator/WeaponRotatorTarget")
bone_name = "WeaponHolderRotator"
bone = 52
primary_rotation_axis = 0

[node name="NeckIK" type="LookAtModifier3D" parent="Armature_001/Skeleton3D" index="3"]
transform = Transform3D(1, 0, 0, 0, 1, 0, 0, 0, 1, 0, 1.72407, 0.0846984)
target_node = NodePath("../TorsoIK/NeckRotator/NeckTarget")
bone_name = "Neck"
bone = 12
primary_rotation_axis = 0

[node name="HeadIK" type="LookAtModifier3D" parent="Armature_001/Skeleton3D" index="4"]
transform = Transform3D(1, 0, 0, 0, 1, 0, 0, 0, 1, 0, 1.75154, 0)
target_node = NodePath("../TorsoIK/NeckRotator/HeadRotator/HeadTarget")
bone_name = "Head"
bone = 13
primary_rotation_axis = 0

[node name="CameraAttach" type="BoneAttachment3D" parent="Armature_001/Skeleton3D" index="5"]
transform = Transform3D(1, 1.80726e-09, 2.15587e-07, -1.58878e-09, 0.999999, -0.00101328, -2.15589e-07, 0.00101328, 1, -9.31809e-11, 1.82696, -0.188012)
bone_name = "Head"
bone_idx = 13

[node name="WeaponAttach" type="BoneAttachment3D" parent="Armature_001/Skeleton3D" index="6"]
transform = Transform3D(-0.977618, 0.103481, -0.183182, -0.14274, 0.313408, 0.938829, 0.154562, 0.943963, -0.291623, -0.123619, 1.44124, 0.34174)
bone_name = "HandIK.R"
bone_idx = 53

[node name="WeaponRT" type="RemoteTransform3D" parent="Armature_001/Skeleton3D/WeaponAttach" index="0"]
transform = Transform3D(0.689169, 0.0815617, -0.719995, -0.723882, 0.0332636, -0.689121, -0.0322563, 0.996113, 0.0819653, -0.00158573, 0.0329829, 0.0161717)

[node name="FirstPersonOffset" type="Node3D" parent="Armature_001/Skeleton3D/WeaponAttach/WeaponRT" index="0"]
transform = Transform3D(0.999967, 0.00805518, 0.00126484, -0.00806044, 0.999959, 0.00419037, -0.00123098, -0.00420044, 0.999991, -0.0575444, 0.135319, -0.105339)

[node name="WeaponHolder" type="Node3D" parent="Armature_001/Skeleton3D/WeaponAttach/WeaponRT" index="1"]
transform = Transform3D(0.736381, -0.0448623, -0.675079, 1.11759e-08, 0.997799, -0.0663088, 0.676568, 0.0488285, 0.73476, -0.0362854, 0.0537172, 0.00370161)

[node name="HandIKTarget_R" type="Marker3D" parent="Armature_001/Skeleton3D/WeaponAttach/WeaponRT/WeaponHolder" index="0"]
transform = Transform3D(-0.120821, -0.979858, 0.159009, -0.0290865, 0.163607, 0.986097, -0.992248, 0.114516, -0.0482681, 0.0558604, 0.0267626, -0.0244543)

[node name="HandIKTarget_L" type="Marker3D" parent="Armature_001/Skeleton3D/WeaponAttach/WeaponRT/WeaponHolder" index="1"]
transform = Transform3D(-0.212946, -0.92649, 0.31028, -0.0152441, 0.320676, 0.947067, -0.976945, 0.196944, -0.0824103, 0.079287, -0.16266, 0.0173375)

[node name="longsword" parent="Armature_001/Skeleton3D/WeaponAttach/WeaponRT/WeaponHolder" index="2" instance=ExtResource("3_1buoc")]

[node name="FPHeadOverride" type="BoneAttachment3D" parent="Armature_001/Skeleton3D" index="7"]
transform = Transform3D(1, -7.62282e-10, 2.38418e-07, -9.92815e-10, 0.999973, 0.00736133, -2.38417e-07, -0.00736133, 0.999973, 5.53493e-14, 1.7197, -0.182721)
bone_name = "Neck"
bone_idx = 12
override_pose = true

[node name="Visor" parent="Armature_001/Skeleton3D" index="8"]
transform = Transform3D(1, -6.73526e-08, 4.16111e-05, 4.03601e-08, 1, 0.000648683, -4.16112e-05, -0.000648681, 1, -0.000532648, 1.90279, -0.187769)

[node name="Visor" parent="Armature_001/Skeleton3D/Visor" index="0"]
transform = Transform3D(1, 0, -3.63798e-12, 0, 1, 0, 0, 0, 1, -2.8871e-08, 0.0243105, 0.000875119)
surface_material_override/0 = ExtResource("5_2pwlm")

[node name="Longsword" parent="Armature_001/Skeleton3D" index="9"]
transform = Transform3D(-0.070906, 0.209666, -0.975199, -0.307608, -0.934606, -0.178573, -0.948868, 0.287317, 0.130764, -0.0748995, 1.50235, 0.548019)
visible = false

[node name="Cube" parent="Armature_001/Skeleton3D" index="10"]
transform = Transform3D(-0.070906, 0.209666, -0.975199, -0.307608, -0.934606, -0.178573, -0.948868, 0.287317, 0.130764, -0.156666, 1.86683, 0.435969)
visible = false

[node name="Cube" parent="Armature_001/Skeleton3D/Cube" index="0"]
visible = false

[node name="Cube_001" parent="Armature_001/Skeleton3D" index="11"]
transform = Transform3D(-0.070906, 0.209666, -0.975199, -0.307608, -0.934606, -0.178573, -0.948868, 0.287317, 0.130764, -0.0937237, 1.58626, 0.522223)
visible = false

[node name="HandIK_R" type="SkeletonIK3D" parent="Armature_001/Skeleton3D" index="12"]
transform = Transform3D(1, 0, 0, 0, 1, 0, 0, 0, 1, -0.152794, 1.17006, 0.397446)
root_bone = &"ArmUpper.R"
tip_bone = &"Hand.R"
target_node = NodePath("../WeaponAttach/WeaponRT/WeaponHolder/HandIKTarget_R")
min_distance = 0.001
max_iterations = 20

[node name="HandIK_L" type="SkeletonIK3D" parent="Armature_001/Skeleton3D" index="13"]
transform = Transform3D(1, 0, 0, 0, 1, 0, 0, 0, 1, -0.152794, 1.17006, 0.397446)
root_bone = &"ArmUpper.L"
tip_bone = &"Hand.L"
target_node = NodePath("../WeaponAttach/WeaponRT/WeaponHolder/HandIKTarget_L")
min_distance = 0.001
max_iterations = 20

[node name="Cylinder_001" parent="Armature_001/Skeleton3D" index="14"]
transform = Transform3D(-0.070906, 0.209666, -0.975199, -0.307608, -0.934606, -0.178573, -0.948868, 0.287317, 0.130764, -0.0495666, 1.38942, 0.582734)
visible = false

[node name="Cylinder_001" parent="Armature_001/Skeleton3D/Cylinder_001" index="0"]
visible = false

[node name="ChainShirt" parent="Armature_001/Skeleton3D" index="15"]
surface_material_override/0 = ExtResource("5_2pwlm")

[node name="Cuirass" parent="Armature_001/Skeleton3D" index="16"]
surface_material_override/0 = ExtResource("5_2pwlm")

[node name="ElbowGuardL" parent="Armature_001/Skeleton3D" index="17"]
surface_material_override/0 = ExtResource("5_2pwlm")

[node name="ElbowGuardR" parent="Armature_001/Skeleton3D" index="18"]
surface_material_override/0 = ExtResource("5_2pwlm")

[node name="FauldsL" parent="Armature_001/Skeleton3D" index="19"]
surface_material_override/0 = ExtResource("5_2pwlm")

[node name="FauldsR" parent="Armature_001/Skeleton3D" index="20"]
surface_material_override/0 = ExtResource("5_2pwlm")

[node name="Greaves" parent="Armature_001/Skeleton3D" index="23"]
surface_material_override/0 = ExtResource("5_2pwlm")

[node name="HumanBasemesh" parent="Armature_001/Skeleton3D" index="24"]
surface_material_override/0 = ExtResource("5_xm6ps")

[node name="NeckChainmail" parent="Armature_001/Skeleton3D" index="25"]
surface_material_override/0 = ExtResource("5_2pwlm")

[node name="PauldronL" parent="Armature_001/Skeleton3D" index="27"]
surface_material_override/0 = ExtResource("5_2pwlm")

[node name="RondelR" parent="Armature_001/Skeleton3D" index="28"]
surface_material_override/0 = ExtResource("5_2pwlm")

[node name="SpaulderLamesL" parent="Armature_001/Skeleton3D" index="29"]
surface_material_override/0 = ExtResource("5_2pwlm")

[node name="SpaulderLamesR" parent="Armature_001/Skeleton3D" index="30"]
surface_material_override/0 = ExtResource("5_2pwlm")

[node name="SpaulderR" parent="Armature_001/Skeleton3D" index="31"]
surface_material_override/0 = ExtResource("5_2pwlm")

[node name="OmniLight3D" type="OmniLight3D" parent="." index="4"]
transform = Transform3D(1, 0, 0, 0, 1, 0, 0, 0, 1, 1.34812, 1.24322, 0.943176)
visible = false

[editable path="AnimationTree"]
[editable path="AnimationTree/player_model"]
