[gd_scene load_steps=5 format=3 uid="uid://om525hroc3mr"]

[ext_resource type="PackedScene" uid="uid://byoolwbycr4tk" path="res://player/models/player_model.glb" id="1_xdlwj"]
[ext_resource type="Script" uid="uid://b7g0hemb3mmh5" path="res://player/scripts/player_skeleton_controller.gd" id="2_r0a5i"]
[ext_resource type="PackedScene" uid="uid://cj7p8kb5is0qr" path="res://weapons/models/longsword_model.tscn" id="3_1buoc"]
[ext_resource type="PackedScene" uid="uid://411nf870j1o3" path="res://player/animations/humanoid_animation_tree.tscn" id="3_cjpug"]

[node name="player_model" node_paths=PackedStringArray("skeleton", "weapon") instance=ExtResource("1_xdlwj")]
script = ExtResource("2_r0a5i")
skeleton = NodePath("Armature_001/Skeleton3D")
weapon = NodePath("Armature_001/Skeleton3D/WeaponAttach/WeaponRT/WeaponHolder/longsword")

[node name="AnimationTree" parent="." index="0" instance=ExtResource("3_cjpug")]
root_node = NodePath("..")
anim_player = NodePath("../AnimationPlayer")
parameters/walk_blendspace/blend_position = Vector2(-0.00983226, -0.024299)

[node name="player_model" parent="AnimationTree" index="0"]
visible = false

[node name="Skeleton3D" parent="AnimationTree/player_model/Armature_001" index="0"]
bones/0/position = Vector3(1.75165e-33, 0.884602, -0.0355277)
bones/0/rotation = Quaternion(-2.98023e-08, 1.19209e-07, -2.11758e-22, 1)
bones/1/rotation = Quaternion(-0.000652307, 0.0250204, 0.999527, -0.0178762)
bones/2/rotation = Quaternion(-0.114058, 0.00051451, -0.0111282, 0.993412)
bones/3/rotation = Quaternion(0.764245, -0.0520815, 0.052855, 0.640643)
bones/4/rotation = Quaternion(-0.000562797, 0.00332753, 0.0180392, 0.999832)
bones/5/position = Vector3(-0.134036, -0.00773418, -6.54844e-08)
bones/5/rotation = Quaternion(0.00646964, 0.0249159, 0.999506, 0.0180216)
bones/6/rotation = Quaternion(-0.113988, 0.00497039, 0.0118259, 0.993399)
bones/7/rotation = Quaternion(0.76499, 0.0626625, -0.0406744, 0.639695)
bones/8/rotation = Quaternion(-4.24416e-05, -0.00694903, -0.018048, 0.999813)
bones/9/rotation = Quaternion(0.707107, -3.09086e-08, 1.37679e-07, 0.707107)
bones/11/rotation = Quaternion(0.00288137, 3.55284e-15, 6.86971e-10, 0.999996)
bones/12/rotation = Quaternion(-0.00288137, -1.77227e-14, -6.86971e-10, 0.999996)
bones/13/rotation = Quaternion(-2.32831e-10, -7.10543e-15, -5.55111e-17, 1)
bones/14/rotation = Quaternion(2.93367e-08, -1.19209e-07, -7.1694e-15, 1)
bones/15/rotation = Quaternion(2.93367e-08, -1.19209e-07, -7.1694e-15, 1)
bones/16/rotation = Quaternion(-0.00310769, -0.000596304, -0.831314, 0.555794)
bones/17/rotation = Quaternion(-0.0307589, 0.0220498, -0.321548, 0.946137)
bones/18/rotation = Quaternion(0.129757, -0.0501646, -0.0263611, 0.989925)
bones/19/rotation = Quaternion(0.0116905, -0.0122418, 0.00899497, 0.999816)
bones/20/position = Vector3(0.00929881, 0.0273076, 0.0359631)
bones/20/rotation = Quaternion(0.241513, -0.158018, -0.0983748, 0.952378)
bones/21/rotation = Quaternion(0.134388, -0.0524578, -0.0713613, 0.986963)
bones/22/rotation = Quaternion(0.107783, -0.0521133, -0.0482996, 0.991632)
bones/23/position = Vector3(-4.65661e-09, 0.0376435, 2.88564e-08)
bones/23/rotation = Quaternion(-0.0212822, 0.00811308, -0.0011969, 0.99974)
bones/24/rotation = Quaternion(0.0230987, -0.0100344, -0.0308946, 0.999205)
bones/25/rotation = Quaternion(0.0559007, -0.0292598, -0.0564192, 0.996412)
bones/26/position = Vector3(1.72295e-08, 0.035983, 1.53668e-08)
bones/26/rotation = Quaternion(-0.0193892, 0.00896052, 0.0195823, 0.99958)
bones/27/rotation = Quaternion(-0.00174068, 0.00073091, 0.000231409, 0.999998)
bones/28/rotation = Quaternion(-0.0477386, 0.0146627, -0.0976553, 0.993967)
bones/29/position = Vector3(2.99187e-08, 0.0387718, 5.3551e-09)
bones/29/rotation = Quaternion(0.00928504, -0.00354931, 0.00341682, 0.999945)
bones/30/rotation = Quaternion(0.054221, -0.0177281, 0.0598337, 0.996577)
bones/31/rotation = Quaternion(-0.121197, 0.0367549, -0.143849, 0.981462)
bones/32/rotation = Quaternion(-0.0040662, 0.000613673, -0.0239369, 0.999705)
bones/33/rotation = Quaternion(0.0108053, -0.00206417, 0.0494899, 0.998714)
bones/34/rotation = Quaternion(0.00669007, -0.00595437, 0.831293, 0.555762)
bones/35/rotation = Quaternion(-0.0225763, -0.0301812, 0.318405, 0.947205)
bones/36/rotation = Quaternion(0.13307, 0.0806043, 0.0297067, 0.987377)
bones/37/rotation = Quaternion(0.0117067, -0.00637044, -0.0089725, 0.999871)
bones/38/rotation = Quaternion(0.255644, -0.00666519, 0.0514793, 0.965377)
bones/39/rotation = Quaternion(0.1509, 0.0524538, 0.0195305, 0.986963)
bones/40/rotation = Quaternion(0.108627, 0.0510633, 0.0463706, 0.991687)
bones/41/rotation = Quaternion(-0.0212573, -0.00808901, 0.0015982, 0.99974)
bones/42/rotation = Quaternion(0.0236755, 0.0100952, 0.0304552, 0.999205)
bones/43/rotation = Quaternion(0.0569258, 0.0276893, 0.0553827, 0.996457)
bones/44/rotation = Quaternion(-0.0197642, -0.00840809, -0.0191999, 0.999585)
bones/45/rotation = Quaternion(-0.00174506, -0.000729447, -0.000201225, 0.999998)
bones/46/rotation = Quaternion(-0.0461834, -0.0137629, 0.0983978, 0.99398)
bones/47/rotation = Quaternion(0.0092254, 0.00184148, -0.00356928, 0.999949)
bones/48/rotation = Quaternion(0.0531014, 0.0175198, -0.0608313, 0.996581)
bones/49/rotation = Quaternion(-0.118681, -0.0373441, 0.14593, 0.98144)
bones/51/position = Vector3(8.77626e-08, 0.0248416, -4.19095e-09)
bones/51/rotation = Quaternion(0.00990488, 0.00175695, -0.0496722, 0.998715)
bones/51/scale = Vector3(1, 1, 1)
bones/58/position = Vector3(0, 0.120825, 0)
bones/58/rotation = Quaternion(0, 0, 0, 1)
bones/59/position = Vector3(0.0935619, 0.0661591, -0.00724945)
bones/59/rotation = Quaternion(0.613382, -4.49832e-15, 0.789786, -1.37578e-07)
bones/60/rotation = Quaternion(0.00479742, -0.70709, 0.707091, -0.00479742)
bones/61/position = Vector3(-0.153415, 0.0372633, -0.103784)
bones/62/position = Vector3(0.146956, 0.512624, 0.774651)
bones/62/scale = Vector3(1, 1, 1)
bones/64/position = Vector3(0.55534, 1.02427, 0.00843075)

[node name="Helm" parent="AnimationTree/player_model/Armature_001/Skeleton3D" index="0"]
transform = Transform3D(1, 3.5433e-14, -5.68434e-14, -6.93631e-15, 1, 1.39699e-09, -1.13687e-13, -4.65675e-10, 1, -8.15556e-15, 1.89232, -0.0158632)

[node name="Visor" parent="AnimationTree/player_model/Armature_001/Skeleton3D" index="1"]
transform = Transform3D(1, 3.5433e-14, -5.68434e-14, -6.93631e-15, 1, 1.39699e-09, -1.13687e-13, -4.65675e-10, 1, 7.45057e-09, 1.89021, -0.0334949)

[node name="Longsword" parent="AnimationTree/player_model/Armature_001/Skeleton3D" index="2"]
transform = Transform3D(0.0330436, -5.113e-07, -0.999454, -0.00274548, -0.999996, -9.02692e-05, -0.99945, 0.00274697, -0.0330435, -0.531758, 1.00316, 0.0734994)

[node name="Cube" parent="AnimationTree/player_model/Armature_001/Skeleton3D" index="3"]
transform = Transform3D(0.0330436, -5.113e-07, -0.999454, -0.00274548, -0.999996, -9.02692e-05, -0.99945, 0.00274697, -0.0330435, -0.531757, 1.39314, 0.0724281)

[node name="Cube_001" parent="AnimationTree/player_model/Armature_001/Skeleton3D" index="4"]
transform = Transform3D(0.0330436, -5.113e-07, -0.999454, -0.00274548, -0.999996, -9.02692e-05, -0.99945, 0.00274697, -0.0330435, -0.531758, 1.09294, 0.0732528)

[node name="Cylinder_001" parent="AnimationTree/player_model/Armature_001/Skeleton3D" index="5"]
transform = Transform3D(0.0330436, -5.113e-07, -0.999454, -0.00274548, -0.999996, -9.02692e-05, -0.99945, 0.00274697, -0.0330435, -0.531758, 0.882333, 0.0738313)

[node name="Skeleton3D" parent="Armature_001" index="0"]
modifier_callback_mode_process = 0
bones/0/position = Vector3(2.64698e-22, 0.884339, -0.0355277)
bones/0/rotation = Quaternion(-2.98023e-08, 1.19209e-07, -2.54408e-29, 1)
bones/1/rotation = Quaternion(0.00257832, 0.0220475, 0.999588, -0.0181758)
bones/2/rotation = Quaternion(-0.112898, 0.000514578, -0.011015, 0.993545)
bones/3/rotation = Quaternion(0.762379, -0.0519458, 0.053088, 0.642855)
bones/4/rotation = Quaternion(0.0034889, 0.00256007, 0.0178018, 0.999832)
bones/5/position = Vector3(-0.134036, -0.00773418, -6.68808e-08)
bones/5/rotation = Quaternion(-0.00252132, 0.0341741, 0.99922, 0.0196184)
bones/6/rotation = Quaternion(-0.124253, 0.00496416, 0.0128909, 0.992154)
bones/7/rotation = Quaternion(0.765809, 0.0627572, -0.0406489, 0.638706)
bones/8/rotation = Quaternion(0.0013513, -0.00668503, -0.0179611, 0.999815)
bones/9/rotation = Quaternion(0.707107, -3.09086e-08, 1.37679e-07, 0.707107)
bones/11/rotation = Quaternion(0.00288137, 3.59366e-15, 6.86971e-10, 0.999996)
bones/12/rotation = Quaternion(-0.00288137, -1.77226e-14, -6.86971e-10, 0.999996)
bones/13/rotation = Quaternion(0.0066188, -1.19207e-07, 7.89012e-10, 0.999978)
bones/16/rotation = Quaternion(-0.00310769, -0.000596304, -0.831314, 0.555794)
bones/17/rotation = Quaternion(0.500133, 0.203816, -0.353303, 0.763874)
bones/18/rotation = Quaternion(0.54735, -0.0419803, -0.111199, 0.82842)
bones/19/rotation = Quaternion(-0.000523582, 0.0253116, 0.629822, 0.776327)
bones/20/rotation = Quaternion(0.392819, -0.131888, -0.324278, 0.850378)
bones/21/rotation = Quaternion(-0.173224, -0.0281772, -0.0839661, 0.980892)
bones/22/position = Vector3(0.00580936, 0.0971559, 0.0371313)
bones/22/rotation = Quaternion(-0.0447323, 0.0158535, -0.298573, 0.953206)
bones/23/rotation = Quaternion(-0.022127, -0.0054, -0.568428, 0.822418)
bones/24/rotation = Quaternion(0.024946, 0.0034543, -0.54645, 0.837113)
bones/25/position = Vector3(0.0123026, 0.102841, 0.00754131)
bones/25/rotation = Quaternion(0.0630703, 0.00177195, -0.535915, 0.841911)
bones/26/rotation = Quaternion(-0.0196429, -0.00839028, -0.728927, 0.684258)
bones/27/rotation = Quaternion(-0.00171087, -0.000798384, -0.740522, 0.67203)
bones/28/position = Vector3(0.00739197, 0.101858, -0.016095)
bones/28/rotation = Quaternion(-0.0488186, -0.0105225, -0.570703, 0.819636)
bones/29/rotation = Quaternion(0.00885585, 0.00451467, -0.740028, 0.672502)
bones/30/rotation = Quaternion(0.0495596, 0.0282495, -0.697944, 0.713877)
bones/31/position = Vector3(0.00432126, 0.0811106, -0.0409064)
bones/31/rotation = Quaternion(-0.0194219, -0.0295079, -0.325611, 0.944844)
bones/32/rotation = Quaternion(-0.00317975, -0.00260747, -0.758178, 0.652035)
bones/33/rotation = Quaternion(0.00878849, 0.00661651, -0.706476, 0.707652)
bones/34/rotation = Quaternion(0.00669007, -0.00595437, 0.831293, 0.555762)
bones/35/rotation = Quaternion(0.189305, -0.0222172, 0.499575, 0.845041)
bones/36/rotation = Quaternion(0.742531, 0.0528035, 0.165763, 0.646825)
bones/37/rotation = Quaternion(-0.0139893, -0.0209914, -0.163207, 0.986269)
bones/38/rotation = Quaternion(0.575964, -0.352516, 0.208771, 0.707398)
bones/39/rotation = Quaternion(-0.0486917, 0.0475131, 0.0295862, 0.997244)
bones/40/rotation = Quaternion(0.117788, -0.0230928, 0.624052, 0.772109)
bones/41/rotation = Quaternion(-0.02222, 0.00485566, 0.548176, 0.836054)
bones/42/rotation = Quaternion(0.0254992, -0.00349783, 0.539326, 0.841704)
bones/43/rotation = Quaternion(0.0625242, -0.00989843, 0.616018, 0.785184)
bones/44/rotation = Quaternion(-0.0211446, 0.00377185, 0.53068, 0.8473)
bones/45/rotation = Quaternion(-0.00187198, 0.000270378, 0.513429, 0.85813)
bones/46/rotation = Quaternion(-0.0451724, 0.0167865, 0.676517, 0.734848)
bones/47/rotation = Quaternion(0.00873025, -0.00350452, 0.543964, 0.839056)
bones/48/rotation = Quaternion(0.0545606, -0.0122406, 0.459651, 0.886337)
bones/49/rotation = Quaternion(-0.116361, 0.0440452, 0.721603, 0.681035)
bones/50/rotation = Quaternion(-0.00334497, 0.00152899, 0.566913, 0.823769)
bones/51/rotation = Quaternion(0.00940105, -0.00357966, 0.470322, 0.882437)
bones/53/position = Vector3(-0.123552, 0.378736, 0.241613)
bones/53/rotation = Quaternion(0.0639569, 0.982944, -0.148117, -0.0882757)
bones/60/position = Vector3(0.153415, 0.0376053, -0.10765)
bones/60/rotation = Quaternion(0.00479742, -0.707091, 0.707091, -0.00479742)
bones/61/position = Vector3(-0.153416, 0.0399908, -0.0989265)
bones/61/rotation = Quaternion(0.00458585, 0.707092, -0.707092, -0.00458585)
bones/62/rotation = Quaternion(-0.0126777, 0.706993, 0.706993, -0.0126777)
bones/63/position = Vector3(-0.146956, 0.512624, 0.774651)
bones/64/position = Vector3(-0.0729023, 1.35566, 0.337649)
bones/65/position = Vector3(0.419333, 1.22944, 0.0482476)
bones/66/position = Vector3(-0.39484, 1.33756, -0.447656)

[node name="Helm" parent="Armature_001/Skeleton3D" index="0"]
transform = Transform3D(1, -5.29233e-09, -8.07177e-11, 5.29286e-09, 0.99975, 0.0223738, -3.78009e-11, -0.0223738, 0.99975, -6.11409e-10, 1.89244, -0.0185653)

[node name="TorsoIK" type="LookAtModifier3D" parent="Armature_001/Skeleton3D" index="1"]
transform = Transform3D(1, -7.62281e-10, 2.38418e-07, 3.81134e-10, 0.999999, 0.00159865, -2.38419e-07, -0.00159865, 0.999999, -1.49411e-15, 1.09488, -0.0355278)
target_node = NodePath("TorsoTarget")
bone_name = "TorsoRotator"
bone = 9
forward_axis = 2
primary_rotation_axis = 0

[node name="TorsoTarget" type="Marker3D" parent="Armature_001/Skeleton3D/TorsoIK" index="0"]
transform = Transform3D(1, 2.77556e-17, 0, 2.77556e-17, 1, 1.16415e-10, 0, -1.16415e-10, 1, -3.61351e-07, -0.00242293, 1.51561)

[node name="FPHeadStretch_RT" type="RemoteTransform3D" parent="Armature_001/Skeleton3D/TorsoIK" index="1"]
transform = Transform3D(1, 1.37392e-09, 8.28493e-12, -1.37395e-09, 0.999983, 0.00576271, -4.68958e-13, -0.00576271, 0.999983, 3.53318e-08, 0.62505, -0.146194)
remote_path = NodePath("../../FPHeadOverride")

[node name="WeaponRotator" type="Node3D" parent="Armature_001/Skeleton3D/TorsoIK" index="2"]
transform = Transform3D(0.999985, 0.0053968, 0.000748251, -0.00540192, 0.99996, 0.00701469, -0.000710366, -0.00701863, 0.999975, -1.60167e-10, 0.589979, 0.00161442)

[node name="WeaponRotatorTarget" type="Marker3D" parent="Armature_001/Skeleton3D/TorsoIK/WeaponRotator" index="0"]
transform = Transform3D(1, 0, 0, 0, 1, 0, 0, 0, 1, 0, -1.5, 0)

[node name="NeckRotator" type="Node3D" parent="Armature_001/Skeleton3D/TorsoIK" index="3"]
transform = Transform3D(1, 1.25116e-17, 4.74338e-20, -8.01214e-18, 1, 1.16415e-10, -3.81165e-20, 0, 1, -1.60159e-10, 0.592355, -0.0329697)

[node name="NeckTarget" type="Marker3D" parent="Armature_001/Skeleton3D/TorsoIK/NeckRotator" index="0"]
transform = Transform3D(1, 0, 0, 4.43734e-30, 1, 0, 0, 0, 1, 0, 0, 1.45247)

[node name="HeadRotator" type="Node3D" parent="Armature_001/Skeleton3D/TorsoIK/NeckRotator" index="1"]
transform = Transform3D(1, 3.8114e-10, -7.10543e-14, -3.81139e-10, 0.999998, 0.00167525, 6.11067e-13, -0.00167524, 0.999999, 4.12586e-11, 0.105876, 0.0344033)

[node name="CameraRT" type="RemoteTransform3D" parent="Armature_001/Skeleton3D/TorsoIK/NeckRotator/HeadRotator" index="0"]
transform = Transform3D(-1, 0, -8.74227e-08, 0, 0.999999, 0, 8.74228e-08, 0, -0.999999, -0.0297484, 0.071686, 0.187486)
update_rotation = false
update_scale = false

[node name="HeadTarget" type="Marker3D" parent="Armature_001/Skeleton3D/TorsoIK/NeckRotator/HeadRotator" index="1"]
transform = Transform3D(1, 0, 0, 0, 1, 0, -6.93889e-18, 0, 1, 5.55112e-17, 0.0274643, 1.45247)

[node name="TorsoCollisionRT" type="RemoteTransform3D" parent="Armature_001/Skeleton3D/TorsoIK" index="4"]
transform = Transform3D(1, 3.81133e-10, -2.38419e-07, -7.62282e-10, 0.999999, -0.00159865, 2.38418e-07, 0.00159865, 0.999999, -8.32571e-09, 0.379813, 0.036135)

[node name="WeaponRotatorIK" type="LookAtModifier3D" parent="Armature_001/Skeleton3D" index="2"]
transform = Transform3D(1, 1.38053e-18, 3.43545e-20, 0, 0.998762, 0.0497388, 2.77556e-17, -0.0497388, 0.998762, -2.24992e-10, 1.68486, -0.0348566)
target_node = NodePath("../TorsoIK/WeaponRotator/WeaponRotatorTarget")
bone_name = "WeaponHolderRotator"
bone = 50
primary_rotation_axis = 0

[node name="NeckIK" type="LookAtModifier3D" parent="Armature_001/Skeleton3D" index="3"]
transform = Transform3D(1, 0, 0, 0, 1, 0, 0, 0, 1, 0, 1.72407, 0.0846984)
target_node = NodePath("../TorsoIK/NeckRotator/NeckTarget")
bone_name = "Neck"
bone = 12
primary_rotation_axis = 0

[node name="HeadIK" type="LookAtModifier3D" parent="Armature_001/Skeleton3D" index="4"]
transform = Transform3D(1, 0, 0, 0, 1, 0, 0, 0, 1, 0, 1.75154, 0)
target_node = NodePath("../TorsoIK/NeckRotator/HeadRotator/HeadTarget")
bone_name = "Head"
bone = 13
primary_rotation_axis = 0

[node name="CameraAttach" type="BoneAttachment3D" parent="Armature_001/Skeleton3D" index="5"]
transform = Transform3D(1, -5.29235e-09, 2.38338e-07, -4.14683e-11, 0.99975, 0.0223739, -2.38397e-07, -0.0223739, 0.999749, -8.48817e-11, 1.79285, -0.0343908)
bone_name = "Head"
bone_idx = 13

[node name="WeaponAttach" type="BoneAttachment3D" parent="Armature_001/Skeleton3D" index="6"]
transform = Transform3D(-0.976234, 0.0995818, -0.192486, -0.154567, 0.302639, 0.940489, 0.151909, 0.947889, -0.280054, -0.123552, 1.44305, 0.344762)
bone_name = "HandIK.R"
bone_idx = 53

[node name="WeaponRT" type="RemoteTransform3D" parent="Armature_001/Skeleton3D/WeaponAttach" index="0"]
transform = Transform3D(0.689169, 0.0815617, -0.719995, -0.723882, 0.0332636, -0.689121, -0.0322563, 0.996113, 0.0819653, -0.00158573, 0.0329829, 0.0161717)

[node name="FirstPersonOffset" type="Node3D" parent="Armature_001/Skeleton3D/WeaponAttach/WeaponRT" index="0"]
transform = Transform3D(0.999967, 0.00805518, 0.00126484, -0.00806044, 0.999959, 0.00419037, -0.00123098, -0.00420044, 0.999991, -0.0575444, 0.135319, -0.105339)

[node name="WeaponHolder" type="Node3D" parent="Armature_001/Skeleton3D/WeaponAttach/WeaponRT" index="1"]
transform = Transform3D(0.736381, -0.0448623, -0.675079, 1.11759e-08, 0.997799, -0.0663088, 0.676568, 0.0488285, 0.73476, -0.0362854, 0.0537172, 0.00370161)

[node name="HandIKTarget_R" type="Marker3D" parent="Armature_001/Skeleton3D/WeaponAttach/WeaponRT/WeaponHolder" index="0"]
transform = Transform3D(-0.120821, -0.979858, 0.159009, -0.0290865, 0.163607, 0.986097, -0.992248, 0.114516, -0.0482681, 0.0558604, 0.0267626, -0.0244543)

[node name="HandIKTarget_L" type="Marker3D" parent="Armature_001/Skeleton3D/WeaponAttach/WeaponRT/WeaponHolder" index="1"]
transform = Transform3D(-0.212946, -0.92649, 0.31028, -0.0152441, 0.320676, 0.947067, -0.976945, 0.196944, -0.0824103, 0.079287, -0.16266, 0.0173375)

[node name="longsword" parent="Armature_001/Skeleton3D/WeaponAttach/WeaponRT/WeaponHolder" index="2" instance=ExtResource("3_1buoc")]

[node name="FPHeadOverride" type="BoneAttachment3D" parent="Armature_001/Skeleton3D" index="7"]
transform = Transform3D(1, -7.84073e-10, 2.38399e-07, -4.15463e-11, 0.999994, 0.00346334, -2.384e-07, -0.00346334, 0.999994, -4.67457e-15, 1.6846, -0.0340159)
bone_name = "Neck"
bone_idx = 12

[node name="Visor" parent="Armature_001/Skeleton3D" index="8"]
transform = Transform3D(1, -5.29233e-09, -8.07177e-11, 5.29286e-09, 0.99975, 0.0223738, -3.78009e-11, -0.0223738, 0.99975, 6.85177e-09, 1.88993, -0.0361453)

[node name="Longsword" parent="Armature_001/Skeleton3D" index="9"]
transform = Transform3D(-0.105721, 0.422542, -0.900157, -0.585158, -0.75834, -0.287247, -0.803998, 0.496366, 0.327426, 0.0249639, 2.15799, 0.494861)
visible = false

[node name="Cube" parent="Armature_001/Skeleton3D" index="10"]
transform = Transform3D(-0.105721, 0.422542, -0.900157, -0.585158, -0.75834, -0.287247, -0.803998, 0.496366, 0.327426, -0.139821, 2.45374, 0.301286)
visible = false

[node name="Cube" parent="Armature_001/Skeleton3D/Cube" index="0"]
visible = false

[node name="Cube_001" parent="Armature_001/Skeleton3D" index="11"]
transform = Transform3D(-0.105721, 0.422542, -0.900157, -0.585158, -0.75834, -0.287247, -0.803998, 0.496366, 0.327426, -0.0129728, 2.22608, 0.450296)
visible = false

[node name="HandIK_R" type="SkeletonIK3D" parent="Armature_001/Skeleton3D" index="12"]
transform = Transform3D(1, 0, 0, 0, 1, 0, 0, 0, 1, -0.152794, 1.17006, 0.397446)
root_bone = &"ArmUpper.R"
tip_bone = &"Hand.R"
target_node = NodePath("../WeaponAttach/WeaponRT/WeaponHolder/HandIKTarget_R")
min_distance = 0.001
max_iterations = 20

[node name="HandIK_L" type="SkeletonIK3D" parent="Armature_001/Skeleton3D" index="13"]
transform = Transform3D(1, 0, 0, 0, 1, 0, 0, 0, 1, -0.152794, 1.17006, 0.397446)
root_bone = &"ArmUpper.L"
tip_bone = &"Hand.L"
target_node = NodePath("../WeaponAttach/WeaponRT/WeaponHolder/HandIKTarget_L")
min_distance = 0.001
max_iterations = 20

[node name="Cylinder_001" parent="Armature_001/Skeleton3D" index="14"]
transform = Transform3D(-0.105721, 0.422542, -0.900157, -0.585158, -0.75834, -0.287247, -0.803998, 0.496366, 0.327426, 0.0760174, 2.06637, 0.554834)
visible = false

[node name="Cylinder_001" parent="Armature_001/Skeleton3D/Cylinder_001" index="0"]
visible = false

[editable path="AnimationTree"]
[editable path="AnimationTree/player_model"]
